["port 2","RIGHT"]
["port 1","LEFT"]
("port 1","mode 1",1,"port 1",1,"transmission")
(101, 3)
1.8737028625000000e+14 2.7428417883264022e-05 -2.8935367692997876e-01
1.8748746591619766e+14 2.6190353784802931e-05 -2.5543029922589344e-01
1.8760479224030038e+14 2.6832731376085132e-05 -2.6581840501640214e-01
1.8772226549780841e+14 2.7648673440688333e-05 -1.9765325187948107e-01
1.8783988596491231e+14 2.7037928479620572e-05 -1.4391596518279740e-01
1.8795765391849531e+14 2.6523703627016081e-05 -1.1640890251156229e-01
1.8807556963613553e+14 2.6742132567987159e-05 -1.1038758622509057e-01
1.8819363339610800e+14 2.7610063238638015e-05 -4.9963422675987253e-02
1.8831184547738694e+14 2.6474972508422504e-05 6.8052110372478740e-05
1.8843020615964803e+14 2.7027098046056782e-05 -5.7439110153566500e-03
1.8854871572327044e+14 2.7483186729503883e-05 7.4924490762811546e-02
1.8866737444933922e+14 2.6392869989587113e-05 9.5435142996625089e-02
1.8878618261964738e+14 2.7279096994865831e-05 1.2140336241554503e-01
1.8890514051669816e+14 2.6743630719412053e-05 1.7800190758845028e-01
1.8902424842370744e+14 2.6993108327727689e-05 1.8725625527059761e-01
1.8914350662460569e+14 2.7237663023768013e-05 2.5208743325582639e-01
1.8926291540404041e+14 2.6640377194270324e-05 2.7428716483922178e-01
1.8938247504737841e+14 2.7214613937894281e-05 3.1056711876544402e-01
1.8950218584070797e+14 2.6878045317441151e-05 3.5515573457802091e-01
1.8962204807084125e+14 2.7064409256238846e-05 3.8733488901532009e-01
1.8974206202531647e+14 2.6748283609327655e-05 4.2649496156624067e-01
1.8986222799240025e+14 2.7304621487637502e-05 4.5099706313876731e-01
1.8998254626109000e+14 2.6994446076422649e-05 5.2519767618234037e-01
1.9010301712111606e+14 2.6291424932029420e-05 5.1824185390461275e-01
1.9022364086294416e+14 2.7715145627092052e-05 5.6449019714984128e-01
1.9034441777777778e+14 2.6790463064202183e-05 6.3002959499387867e-01
1.9046534815756038e+14 2.6975237544462391e-05 6.4179344094673674e-01
1.9058643229497775e+14 2.6650857513839698e-05 6.9537935366490788e-01
1.9070767048346056e+14 2.7082312212474020e-05 6.9268707716418143e-01
1.9082906301718653e+14 2.7765234393029484e-05 7.9116695672833037e-01
1.9095061019108281e+14 2.5622036789997738e-05 8.0353967656557157e-01
1.9107231230082856e+14 2.7573612592196396e-05 7.9459295092898519e-01
1.9119416964285712e+14 2.7384603704235082e-05 9.0134603711866546e-01
1.9131618251435866e+14 2.6662895171957197e-05 9.0616999898144324e-01
1.9143835121328225e+14 2.6945953468702975e-05 9.6060913851540308e-01
1.9156067603833866e+14 2.6489186409034594e-05 9.6371841601833530e-01
1.9168315728900256e+14 2.7843826002657461e-05 1.0238582521728052e+00
1.9180579526551506e+14 2.6338632349828066e-05 1.0790059806026286e+00
1.9192859026888603e+14 2.7325162557598164e-05 1.0712238519952901e+00
1.9205154260089688e+14 2.7293536051625466e-05 1.1669307970159919e+00
1.9217465256410256e+14 2.6427864235558622e-05 1.1676076082439226e+00
1.9229792046183450e+14 2.7168787341138624e-05 1.2161021701440384e+00
1.9242134659820284e+14 2.6657732009977145e-05 1.2401461488716587e+00
1.9254493127809894e+14 2.7650827025326936e-05 1.2934258368267408e+00
1.9266867480719794e+14 2.6282805340320974e-05 1.3436834658931114e+00
1.9279257749196144e+14 2.7287904268535392e-05 1.3403635241903400e+00
1.9291663963963962e+14 2.6967575081427687e-05 1.4333909477431797e+00
1.9304086155827431e+14 2.6455208733330174e-05 1.4120937953670096e+00
1.9316524355670103e+14 2.7914929983940453e-05 1.4866688899420573e+00
1.9328978594455191e+14 2.6494746369213406e-05 1.5347800605274795e+00
1.9341448903225806e+14 2.7073695949032581e-05 1.5567034618669673e+00
1.9353935313105231e+14 2.6274018382641336e-05 1.5950874734193410e+00
1.9366437855297156e+14 2.7657387995056212e-05 1.6041188602026835e+00
1.9378956561085972e+14 2.7196029926734785e-05 1.7127849003956179e+00
1.9391491461837000e+14 2.6285236254972684e-05 1.6903239197994984e+00
1.9404042588996762e+14 2.7665325665400358e-05 1.7561350935330942e+00
1.9416609974093266e+14 2.6348345335562286e-05 1.7953114614036525e+00
1.9429193648736228e+14 2.7290410362205996e-05 1.8159164422112299e+00
1.9441793644617381e+14 2.6770573492200617e-05 1.8715253375309506e+00
1.9454409993510709e+14 2.7493302091460028e-05 1.8985524656532227e+00
1.9467042727272725e+14 2.6570784569108280e-05 1.9757791114207810e+00
1.9479691877842756e+14 2.6611852593583705e-05 1.9494775712673149e+00
1.9492357477243175e+14 2.7608486751315873e-05 2.0348164243075266e+00
1.9505039557579700e+14 2.6501190235368984e-05 2.0538101699945894e+00
1.9517738151041666e+14 2.7757496135578454e-05 2.1054449489442693e+00
1.9530453289902281e+14 2.6213143876629189e-05 2.1615526632370785e+00
1.9543185006518903e+14 2.7056798176166129e-05 2.1512399984807473e+00
1.9555933333333334e+14 2.7202300610451477e-05 2.2303718349977975e+00
1.9568698302872062e+14 2.7029315235892730e-05 2.2525210522014461e+00
1.9581479947746572e+14 2.6983632312700808e-05 2.3143404487390766e+00
1.9594278300653594e+14 2.6680754781667470e-05 2.3264724568974318e+00
1.9607093394375406e+14 2.7109883921254436e-05 2.3840394753233842e+00
1.9619925261780103e+14 2.6657710614019904e-05 2.4004277989317453e+00
1.9632773935821875e+14 2.7716866847539855e-05 2.4620579297475724e+00
1.9645639449541284e+14 2.6297955120174027e-05 2.5107332077442686e+00
1.9658521836065575e+14 2.7213560387858942e-05 2.5150175011038027e+00
1.9671421128608925e+14 2.6924680575106499e-05 2.5908847443496117e+00
1.9684337360472750e+14 2.6952242481095911e-05 2.6012242711455889e+00
1.9697270565045991e+14 2.7006865139964576e-05 2.6675314282401335e+00
1.9710220775805394e+14 2.6867352345028729e-05 2.6776232106734361e+00
1.9723188026315788e+14 2.7391133003135397e-05 2.7516499505571406e+00
1.9736172350230416e+14 2.6337165057079402e-05 2.7698343752295962e+00
1.9749173781291172e+14 2.7435098345432950e-05 2.8077672522442483e+00
1.9762192353328938e+14 2.6701899724278401e-05 2.8604008279190878e+00
1.9775228100263853e+14 2.7389332019766957e-05 2.8883899396782846e+00
1.9788281056105609e+14 2.6722053231732084e-05 2.9554413096466776e+00
1.9801351254953766e+14 2.6816395076778721e-05 2.9593130284890998e+00
1.9814438730998019e+14 2.7195660813754498e-05 3.0208171637329526e+00
1.9827543518518519e+14 2.6963104869274278e-05 3.0589952020018414e+00
1.9840665651886169e+14 2.6698826593356019e-05 3.1013855970525572e+00
1.9853805165562916e+14 2.7173637896626423e-05 3.1200691004922674e+00
1.9866962094102053e+14 2.7145511284798745e-05 3.2026832029743719e+00
1.9880136472148541e+14 2.6364292420216808e-05 3.2008657590039253e+00
1.9893328334439284e+14 2.7686946730313423e-05 3.2601721681556679e+00
1.9906537715803453e+14 2.6482024021080130e-05 3.3114110932309373e+00
1.9919764651162791e+14 2.7157642541414251e-05 3.3301640094141449e+00
1.9933009175531912e+14 2.6859637313710169e-05 3.3855556964233582e+00
1.9946271324018628e+14 2.7265781155464211e-05 3.4238946128023184e+00
1.9959551131824234e+14 2.6324654645105314e-05 3.4721761353054625e+00
1.9972848634243834e+14 2.7429430984884867e-05 3.4715259395927975e+00
1.9986163866666666e+14 2.7432612337870121e-05 3.5804844531023798e+00
("port 1","mode 1",1,"port 2",1,"transmission")
(101, 3)
1.8737028625000000e+14 7.9669593186358567e-01 -4.8967967105401827e-01
1.8748746591619766e+14 7.9682387681582689e-01 8.4165498734496891e-01
1.8760479224030038e+14 7.9695655326046644e-01 2.1746575354026674e+00
1.8772226549780841e+14 7.9709306414515579e-01 3.5093278779840809e+00
1.8783988596491231e+14 7.9723142893877341e-01 4.8456669228382001e+00
1.8795765391849531e+14 7.9736898381023036e-01 6.1836771572969047e+00
1.8807556963613553e+14 7.9750309596569802e-01 7.5233627557862306e+00
1.8819363339610800e+14 7.9763190337556256e-01 8.8647294279493991e+00
1.8831184547738694e+14 7.9775476005889912e-01 1.0207783834978962e+01
1.8843020615964803e+14 7.9787244661230916e-01 1.1552532653512097e+01
1.8854871572327044e+14 7.9798706218218318e-01 1.2898981720285628e+01
1.8866737444933922e+14 7.9810151194242462e-01 1.4247135369988468e+01
1.8878618261964738e+14 7.9821883393869708e-01 1.5596996077137424e+01
1.8890514051669816e+14 7.9834151747955440e-01 1.6948564637932623e+01
1.8902424842370744e+14 7.9847089569418384e-01 1.8301840751663754e+01
1.8914350662460569e+14 7.9860686751646204e-01 1.9656823791207728e+01
1.8926291540404041e+14 7.9874800833498860e-01 2.1013513693736105e+01
1.8938247504737841e+14 7.9889195101311872e-01 2.2371911683692346e+01
1.8950218584070797e+14 7.9903599739600017e-01 2.3732020603259350e+01
1.8962204807084125e+14 7.9917778443579912e-01 2.5093844856323457e+01
1.8974206202531647e+14 7.9931580204819108e-01 2.6457389945060726e+01
1.8986222799240025e+14 7.9944968698735019e-01 2.7822661764899237e+01
1.8998254626109000e+14 7.9958016080311689e-01 2.9189665901112470e+01
1.9010301712111606e+14 7.9970865134718883e-01 3.0558406988357611e+01
1.9022364086294416e+14 7.9983683112250570e-01 3.1928888366025134e+01
1.9034441777777778e+14 7.9996610469026341e-01 3.3301112230983435e+01
1.9046534815756038e+14 8.0009712135464728e-01 3.4675080052367058e+01
1.9058643229497775e+14 8.0022958630794849e-01 3.6050793092807673e+01
1.9070767048346056e+14 8.0036237969384949e-01 3.7428253041626860e+01
1.9082906301718653e+14 8.0049384763182208e-01 3.8807462513326676e+01
1.9095061019108281e+14 8.0062222717746112e-01 4.0188425243238100e+01
1.9107231230082856e+14 8.0074606972313844e-01 4.1571145974170392e+01
1.9119416964285712e+14 8.0086458505945346e-01 4.2955630050626020e+01
1.9131618251435866e+14 8.0097783706697523e-01 4.4341882974271670e+01
1.9143835121328225e+14 8.0108661161705541e-01 4.5729910002969667e+01
1.9156067603833866e+14 8.0119212132720297e-01 4.7119715695811657e+01
1.9168315728900256e+14 8.0129577974516186e-01 4.8511303725326052e+01
1.9180579526551506e+14 8.0139888552832550e-01 4.9904677069434449e+01
1.9192859026888603e+14 8.0150230156814051e-01 5.1299838189684742e+01
1.9205154260089688e+14 8.0160641912714614e-01 5.2696789244414703e+01
1.9217465256410256e+14 8.0171120822797437e-01 5.4095532477144033e+01
1.9229792046183450e+14 8.0181623235661725e-01 5.5496070410806610e+01
1.9242134659820284e+14 8.0192082434302137e-01 5.6898405861588898e+01
1.9254493127809894e+14 8.0202425285716272e-01 5.8302542041976835e+01
1.9266867480719794e+14 8.0212573816772881e-01 5.9708482559959322e+01
1.9279257749196144e+14 8.0222452752093421e-01 6.1116231313254964e+01
1.9291663963963962e+14 8.0232001235449046e-01 6.2525792524101448e+01
1.9304086155827431e+14 8.0241176914676171e-01 6.3937170788100616e+01
1.9316524355670103e+14 8.0249964270686991e-01 6.5350370978467069e+01
1.9328978594455191e+14 8.0258390672533431e-01 6.6765398109469089e+01
1.9341448903225806e+14 8.0266534444923254e-01 6.8182257169380236e+01
1.9353935313105231e+14 8.0274519655624677e-01 6.9600952811436329e+01
1.9366437855297156e+14 8.0282504957671885e-01 7.1021488994687388e+01
1.9378956561085972e+14 8.0290662569540572e-01 7.2443868823875462e+01
1.9391491461837000e+14 8.0299138978280304e-01 7.3868094592117103e+01
1.9404042588996762e+14 8.0308018393040992e-01 7.5294167917989441e+01
1.9416609974093266e+14 8.0317308794951625e-01 7.6722090176508161e+01
1.9429193648736228e+14 8.0326937477804172e-01 7.8151863146222070e+01
1.9441793644617381e+14 8.0336767802604092e-01 7.9583489434590874e+01
1.9454409993510709e+14 8.0346651527039803e-01 8.1016972736496712e+01
1.9467042727272725e+14 8.0356480939854324e-01 8.2452317920670950e+01
1.9479691877842756e+14 8.0366226800753815e-01 8.3889530584797612e+01
1.9492357477243175e+14 8.0375969411350046e-01 8.5328616320459332e+01
1.9505039557579700e+14 8.0385891866793535e-01 8.6769580053984001e+01
1.9517738151041666e+14 8.0396231105443428e-01 8.8212425395192327e+01
1.9530453289902281e+14 8.0407218286805160e-01 8.9657154302148314e+01
1.9543185006518903e+14 8.0419010333868801e-01 9.1103767350783272e+01
1.9555933333333334e+14 8.0431631565171180e-01 9.2552264342509375e+01
1.9568698302872062e+14 8.0444960267165255e-01 9.4002645190087350e+01
1.9581479947746572e+14 8.0458752337872597e-01 9.5454910936141289e+01
1.9594278300653594e+14 8.0472696195719828e-01 9.6909064386416020e+01
1.9607093394375406e+14 8.0486497808012814e-01 9.8365110220995234e+01
1.9619925261780103e+14 8.0499960144972937e-01 9.9823054639181834e+01
1.9632773935821875e+14 8.0513028920261454e-01 1.0128290449103798e+02
1.9645639449541284e+14 8.0525797853904169e-01 1.0274466618089419e+02
1.9658521836065575e+14 8.0538464663598219e-01 1.0420834473488101e+02
1.9671421128608925e+14 8.0551251526171119e-01 1.0567394326254642e+02
1.9684337360472750e+14 8.0564317075835579e-01 1.0714146307416848e+02
1.9697270565045991e+14 8.0577679509472566e-01 1.0861090441455516e+02
1.9710220775805394e+14 8.0591182664011018e-01 1.1008226751191765e+02
1.9723188026315788e+14 8.0604520699656301e-01 1.1155555375501172e+02
1.9736172350230416e+14 8.0617302919625922e-01 1.1303076661394805e+02
1.9749173781291172e+14 8.0629147135454160e-01 1.1450791187618398e+02
1.9762192353328938e+14 8.0639780474551159e-01 1.1598699728130624e+02
1.9775228100263853e+14 8.0649100539199681e-01 1.1746803166613248e+02
1.9788281056105609e+14 8.0657187115851947e-01 1.1895102368310015e+02
1.9801351254953766e+14 8.0664272768049172e-01 1.2043598067566811e+02
1.9814438730998019e+14 8.0670663924580377e-01 1.2192290807115070e+02
1.9827543518518519e+14 8.0676644831294908e-01 1.2341180925215320e+02
1.9840665651886169e+14 8.0682402779869700e-01 1.2490268607390519e+02
1.9853805165562916e+14 8.0687982879154974e-01 1.2639553981028440e+02
1.9866962094102053e+14 8.0693294002012350e-01 1.2789037211512171e+02
1.9880136472148541e+14 8.0698156374209240e-01 1.2938718586915789e+02
1.9893328334439284e+14 8.0702362315699161e-01 1.3088598548430662e+02
1.9906537715803453e+14 8.0705749352477529e-01 1.3238677666340453e+02
1.9919764651162791e+14 8.0708242442603340e-01 1.3388956596834154e+02
1.9933009175531912e+14 8.0709853231947015e-01 1.3539436000465031e+02
1.9946271324018628e+14 8.0710674231173762e-01 1.3690116479163129e+02
1.9959551131824234e+14 8.0710833585121966e-01 1.3840998576100120e+02
1.9972848634243834e+14 8.0710437043035965e-01 1.3992082768629032e+02
1.9986163866666666e+14 8.0709567813239080e-01 1.4143369492043379e+02
("port 2","mode 1",1,"port 1",1,"transmission")
(101, 3)
1.8737028625000000e+14 7.9805738557047612e-01 -4.9056397770539539e-01
1.8748746591619766e+14 7.9819191382394805e-01 8.4074174038518590e-01
1.8760479224030038e+14 7.9832082620956246e-01 2.1737177700336985e+00
1.8772226549780841e+14 7.9844536567107960e-01 3.5083702340282685e+00
1.8783988596491231e+14 7.9856778455051558e-01 4.8447042282394648e+00
1.8795765391849531e+14 7.9869086872445039e-01 6.1827232359379281e+00
1.8807556963613553e+14 7.9881732381449855e-01 7.5224290394314837e+00
1.8819363339610800e+14 7.9894905937369787e-01 8.8638220496195075e+00
1.8831184547738694e+14 7.9908669136027799e-01 1.0206901834512596e+01
1.8843020615964803e+14 7.9922947169876324e-01 1.1551667952672172e+01
1.8854871572327044e+14 7.9937544352519951e-01 1.2898120906705879e+01
1.8866737444933922e+14 7.9952184312483976e-01 1.4246262692385944e+01
1.8878618261964738e+14 7.9966584509627159e-01 1.5596096982066561e+01
1.8890514051669816e+14 7.9980525419551385e-01 1.6947629071295800e+01
1.8902424842370744e+14 7.9993891956293561e-01 1.8300865301080993e+01
1.8914350662460569e+14 8.0006701460755525e-01 1.9655812169475865e+01
1.8926291540404041e+14 8.0019097869892586e-01 2.1012475612461703e+01
1.8938247504737841e+14 8.0031302652274039e-01 2.2370860378756710e+01
1.8950218584070797e+14 8.0043558991020936e-01 2.3730969629950270e+01
1.8962204807084125e+14 8.0056075836855001e-01 2.5092805109978727e+01
1.8974206202531647e+14 8.0068972735011334e-01 2.6456367626389106e+01
1.8986222799240025e+14 8.0082257632610032e-01 2.7821657652065518e+01
1.8998254626109000e+14 8.0095836307119328e-01 2.9188676085649487e+01
1.9010301712111606e+14 8.0109539353943915e-01 3.0557424803761315e+01
1.9022364086294416e+14 8.0123174774074846e-01 3.1927906863035247e+01
1.9034441777777778e+14 8.0136581751910096e-01 3.3300126504568105e+01
1.9046534815756038e+14 8.0149662816776590e-01 3.4674088762959386e+01
1.9058643229497775e+14 8.0162408107952809e-01 3.6049798831347715e+01
1.9070767048346056e+14 8.0174892626151839e-01 3.7427261615646799e+01
1.9082906301718653e+14 8.0187236126685624e-01 3.8806481293278289e+01
1.9095061019108281e+14 8.0199568702625035e-01 4.0187460972163684e+01
1.9107231230082856e+14 8.0211999666589495e-01 4.1570202909224143e+01
1.9119416964285712e+14 8.0224573257949217e-01 4.2954708898782812e+01
1.9131618251435866e+14 8.0237255406454078e-01 4.4340980536703441e+01
1.9143835121328225e+14 8.0249954183184646e-01 4.5729019736205217e+01
1.9156067603833866e+14 8.0262532718875690e-01 4.7118829213661677e+01
1.9168315728900256e+14 8.0274831843370087e-01 4.8510412498440537e+01
1.9180579526551506e+14 8.0286713024236001e-01 4.9903773839911786e+01
1.9192859026888603e+14 8.0298082183260422e-01 5.1298918141208688e+01
1.9205154260089688e+14 8.0308893710904006e-01 5.2695850640832369e+01
1.9217465256410256e+14 8.0319155302317113e-01 5.4094576556320604e+01
1.9229792046183450e+14 8.0328922523698443e-01 5.5495100906886528e+01
1.9242134659820284e+14 8.0338282418761275e-01 5.6897428379059583e+01
1.9254493127809894e+14 8.0347340502281461e-01 5.8301563226812384e+01
1.9266867480719794e+14 8.0356211675132949e-01 5.9707509271119200e+01
1.9279257749196144e+14 8.0365009957478728e-01 6.1115269937661338e+01
1.9291663963963962e+14 8.0373838942892717e-01 6.2524848260704758e+01
1.9304086155827431e+14 8.0382785559915659e-01 6.3936246914336508e+01
1.9316524355670103e+14 8.0391910145754086e-01 6.5349468333345868e+01
1.9328978594455191e+14 8.0401232907334574e-01 6.6764514831705000e+01
1.9341448903225806e+14 8.0410731889456044e-01 6.8181388743243318e+01
1.9353935313105231e+14 8.0420350321654777e-01 6.9600092725181526e+01
1.9366437855297156e+14 8.0430002937957223e-01 7.1020630019544967e+01
1.9378956561085972e+14 8.0439598972924076e-01 7.2443004474000702e+01
1.9391491461837000e+14 8.0449081433653424e-01 7.3867220544676456e+01
1.9404042588996762e+14 8.0458449004955646e-01 7.5293283203471177e+01
1.9416609974093266e+14 8.0467762876426152e-01 7.6721197464748585e+01
1.9429193648736228e+14 8.0477152312252298e-01 7.8150967833425298e+01
1.9441793644617381e+14 8.0486795217905416e-01 7.9582597994953204e+01
1.9454409993510709e+14 8.0496868828424706e-01 8.1016090596921046e+01
1.9467042727272725e+14 8.0507504124138707e-01 8.2451447198142617e+01
1.9479691877842756e+14 8.0518752830290530e-01 8.3888668685044692e+01
1.9492357477243175e+14 8.0530561333416917e-01 8.5327755944614708e+01
1.9505039557579700e+14 8.0542775731361294e-01 8.6768710467128017e+01
1.9517738151041666e+14 8.0555185022795395e-01 8.8211534902024056e+01
1.9530453289902281e+14 8.0567575727809404e-01 8.9656233374247606e+01
1.9543185006518903e+14 8.0579789458374484e-01 9.1102811267786635e+01
1.9555933333333334e+14 8.0591774900609547e-01 9.2551274650718653e+01
1.9568698302872062e+14 8.0603603552388037e-01 9.4001629522872705e+01
1.9581479947746572e+14 8.0615446846162742e-01 9.5453880954840429e+01
1.9594278300653594e+14 8.0627525980116355e-01 9.6908032517583038e+01
1.9607093394375406e+14 8.0640035406702237e-01 9.8364086180545740e+01
1.9619925261780103e+14 8.0653072181012475e-01 9.9822042616390803e+01
1.9632773935821875e+14 8.0666596131670842e-01 1.0128190202241083e+02
1.9645639449541284e+14 8.0680420793257790e-01 1.0274366514802934e+02
1.9658521836065575e+14 8.0694253325940435e-01 1.0420733411341081e+02
1.9671421128608925e+14 8.0707772277879852e-01 1.0567291296260102e+02
1.9684337360472750e+14 8.0720706500403860e-01 1.0714040763556706e+02
1.9697270565045991e+14 8.0732908376672419e-01 1.0860982527574967e+02
1.9710220775805394e+14 8.0744392866849302e-01 1.1008117330315090e+02
1.9723188026315788e+14 8.0755315844762809e-01 1.1155445833653856e+02
1.9736172350230416e+14 8.0765918605210818e-01 1.1302968526399761e+02
1.9749173781291172e+14 8.0776445853489409e-01 1.1450685700061263e+02
1.9762192353328938e+14 8.0787050321864806e-01 1.1598597480394641e+02
1.9775228100263853e+14 8.0797732346133122e-01 1.1746703904397891e+02
1.9788281056105609e+14 8.0808325306696860e-01 1.1895005036832092e+02
1.9801351254953766e+14 8.0818526113463840e-01 1.2043501076297404e+02
1.9814438730998019e+14 8.0827970531276216e-01 1.2192192423337940e+02
1.9827543518518519e+14 8.0836321106681119e-01 1.2341079694451483e+02
1.9840665651886169e+14 8.0843346135107563e-01 1.2490163669625504e+02
1.9853805165562916e+14 8.0848969195390263e-01 1.2639445204860090e+02
1.9866962094102053e+14 8.0853267033678833e-01 1.2788925131584078e+02
1.9880136472148541e+14 8.0856431536721407e-01 1.2938604170562266e+02
1.9893328334439284e+14 8.0858704929923775e-01 1.3088482898333152e+02
1.9906537715803453e+14 8.0860306964573958e-01 1.3238561753986997e+02
1.9919764651162791e+14 8.0861393794659508e-01 1.3388841084425664e+02
1.9933009175531912e+14 8.0862044737337546e-01 1.3539321220002162e+02
1.9946271324018628e+14 8.0862276580286374e-01 1.3690002527423800e+02
1.9959551131824234e+14 8.0862091449886775e-01 1.3840885436064281e+02
1.9972848634243834e+14 8.0861514780518506e-01 1.3991970440414650e+02
1.9986163866666666e+14 8.0860612506767693e-01 1.4143258051752750e+02
("port 2","mode 1",1,"port 2",1,"transmission")
(101, 3)
1.8737028625000000e+14 4.3012602788602949e-05 5.2388607374803176e-01
1.8748746591619766e+14 4.1548204863601942e-05 3.1660139524891102e+00
1.8760479224030038e+14 4.2740324861200373e-05 5.8099111106259897e+00
1.8772226549780841e+14 4.2557165345373446e-05 8.4273721176278098e+00
1.8783988596491231e+14 4.2651819556276565e-05 1.1073957130521912e+01
1.8795765391849531e+14 4.2649684068870862e-05 1.3706577451908469e+01
1.8807556963613553e+14 4.2678931092363041e-05 1.6364550571520425e+01
1.8819363339610800e+14 4.3406094104554618e-05 1.9000579441254587e+01
1.8831184547738694e+14 4.2742960507438083e-05 2.1644739501105683e+01
1.8843020615964803e+14 4.2873042176615283e-05 2.4312527569986287e+01
1.8854871572327044e+14 4.3305594146458242e-05 2.6969778428972219e+01
1.8866737444933922e+14 4.3605051444137924e-05 2.9620249778062188e+01
1.8878618261964738e+14 4.2824341066531553e-05 3.2281586742722119e+01
1.8890514051669816e+14 4.3413196279240412e-05 3.4974552044889691e+01
1.8902424842370744e+14 4.4166288331099268e-05 3.7617957335952553e+01
1.8914350662460569e+14 4.2938586349973323e-05 4.0298594690456525e+01
1.8926291540404041e+14 4.4041671973213212e-05 4.2990753624488860e+01
1.8938247504737841e+14 4.3893359959119459e-05 4.5652882199965447e+01
1.8950218584070797e+14 4.4061973353173286e-05 4.8346532378407836e+01
1.8962204807084125e+14 4.3734599661218344e-05 5.1018176567247345e+01
1.8974206202531647e+14 4.3670559406337374e-05 5.3744151292245270e+01
1.8986222799240025e+14 4.5440245812743775e-05 5.6408594604167192e+01
1.8998254626109000e+14 4.3059166322921190e-05 5.9096942424282823e+01
1.9010301712111606e+14 4.4693676012541715e-05 6.1845748652438836e+01
1.9022364086294416e+14 4.5042071136996941e-05 6.4494576397855596e+01
1.9034441777777778e+14 4.3424363705643093e-05 6.7238755262967018e+01
1.9046534815756038e+14 4.5531959638819027e-05 6.9947095954086947e+01
1.9058643229497775e+14 4.4373716970475262e-05 7.2644080157586217e+01
1.9070767048346056e+14 4.5117220814945412e-05 7.5378553715214039e+01
1.9082906301718653e+14 4.4472861405696770e-05 7.8082419936224852e+01
1.9095061019108281e+14 4.5046757704855749e-05 8.0839524199682018e+01
1.9107231230082856e+14 4.5610522559792596e-05 8.3531525076551702e+01
1.9119416964285712e+14 4.4501156171520038e-05 8.6289729786270740e+01
1.9131618251435866e+14 4.6241299004764971e-05 8.9009215277044504e+01
1.9143835121328225e+14 4.4167230574680130e-05 9.1745310336442699e+01
1.9156067603833866e+14 4.6362666922796632e-05 9.4518085190539111e+01
1.9168315728900256e+14 4.5276704974508042e-05 9.7206176650382304e+01
1.9180579526551506e+14 4.4800141498903053e-05 1.0002627326640636e+02
1.9192859026888603e+14 4.7401827328702585e-05 1.0272470560958358e+02
1.9205154260089688e+14 4.3784509539416350e-05 1.0548695673420731e+02
1.9217465256410256e+14 4.6657272369687707e-05 1.0828879222612697e+02
1.9229792046183450e+14 4.5699805824458516e-05 1.1099690014506922e+02
1.9242134659820284e+14 4.5684841527110330e-05 1.1381216531495421e+02
1.9254493127809894e+14 4.6353859491084486e-05 1.1654143154827685e+02
1.9266867480719794e+14 4.5224173738494402e-05 1.1935441516534522e+02
1.9279257749196144e+14 4.7338435391681164e-05 1.2210127895172401e+02
1.9291663963963962e+14 4.4445355611431441e-05 1.2489067599252481e+02
1.9304086155827431e+14 4.7665131092864922e-05 1.2770594910473221e+02
1.9316524355670103e+14 4.5940716745660779e-05 1.3042472142517687e+02
1.9328978594455191e+14 4.5525998597362192e-05 1.3329296152319270e+02
1.9341448903225806e+14 4.7439264313709697e-05 1.3603626478046900e+02
1.9353935313105231e+14 4.5018286283123586e-05 1.3886216567688462e+02
1.9366437855297156e+14 4.7593642889456280e-05 1.4166139548713883e+02
1.9378956561085972e+14 4.5265711553497385e-05 1.4445215879454221e+02
1.9391491461837000e+14 4.7309012388281479e-05 1.4729781674129418e+02
1.9404042588996762e+14 4.6197016766978666e-05 1.5005767243207598e+02
1.9416609974093266e+14 4.5864384555738341e-05 1.5293604168111153e+02
1.9429193648736228e+14 4.7283718809389155e-05 1.5571738362003629e+02
1.9441793644617381e+14 4.5882396449529447e-05 1.5856959734663971e+02
1.9454409993510709e+14 4.7794192834023235e-05 1.6137319980919403e+02
1.9467042727272725e+14 4.4980777365375168e-05 1.6421456648631323e+02
1.9479691877842756e+14 4.8018726638151030e-05 1.6707879702733592e+02
1.9492357477243175e+14 4.6103299991168356e-05 1.6986202402903643e+02
1.9505039557579700e+14 4.6630425135928895e-05 1.7278082417224940e+02
1.9517738151041666e+14 4.8252636873972482e-05 1.7555996643078555e+02
1.9530453289902281e+14 4.5331108405279142e-05 1.7844156012047219e+02
1.9543185006518903e+14 4.7709452022782181e-05 1.8130544609675258e+02
1.9555933333333334e+14 4.6594717042230301e-05 1.8415359291176793e+02
1.9568698302872062e+14 4.7897293634817096e-05 1.8701861272055015e+02
1.9581479947746572e+14 4.6150259649687266e-05 1.8987427690450590e+02
1.9594278300653594e+14 4.8089023607801918e-05 1.9277848909376354e+02
1.9607093394375406e+14 4.7072159779447695e-05 1.9559429248822343e+02
1.9619925261780103e+14 4.6421604579962897e-05 1.9854782361868556e+02
1.9632773935821875e+14 4.9497437980449899e-05 2.0138040012514108e+02
1.9645639449541284e+14 4.6287759167115882e-05 2.0426055551892856e+02
1.9658521836065575e+14 4.8271371029228248e-05 2.0718241500075987e+02
1.9671421128608925e+14 4.7594730257243332e-05 2.1004501323164010e+02
1.9684337360472750e+14 4.8024057710043937e-05 2.1297071753783374e+02
1.9697270565045991e+14 4.8530378252564969e-05 2.1584669176374260e+02
1.9710220775805394e+14 4.8070723970060502e-05 2.1875991362071537e+02
1.9723188026315788e+14 4.8433196598190339e-05 2.2166425824196540e+02
1.9736172350230416e+14 4.8455532213989780e-05 2.2457955878888282e+02
1.9749173781291172e+14 4.8517746126404824e-05 2.2749252227995524e+02
1.9762192353328938e+14 4.9136436346498612e-05 2.3042125136927987e+02
1.9775228100263853e+14 4.9260356662611872e-05 2.3331462114407276e+02
1.9788281056105609e+14 4.7983330572224330e-05 2.3626700362247510e+02
1.9801351254953766e+14 5.0007012854982728e-05 2.3919846346619548e+02
1.9814438730998019e+14 4.8943125439163453e-05 2.4211081975073324e+02
1.9827543518518519e+14 4.9423661093870826e-05 2.4507324795799394e+02
1.9840665651886169e+14 4.9914924248049476e-05 2.4799460177081065e+02
1.9853805165562916e+14 4.9303254291895469e-05 2.5094331950855693e+02
1.9866962094102053e+14 4.9557629985656741e-05 2.5390242786797819e+02
1.9880136472148541e+14 5.0362067041119160e-05 2.5685163651665755e+02
1.9893328334439284e+14 4.9934495746071025e-05 2.5979476465145336e+02
1.9906537715803453e+14 4.9924272169601897e-05 2.6276712625854174e+02
1.9919764651162791e+14 5.0082007142116365e-05 2.6572637346563079e+02
1.9933009175531912e+14 5.0354945080100631e-05 2.6869954960184828e+02
1.9946271324018628e+14 5.0092620014861996e-05 2.7165971341781221e+02
1.9959551131824234e+14 5.0314126264257337e-05 2.7465661082126650e+02
1.9972848634243834e+14 5.0892156851618126e-05 2.7760819248437855e+02
1.9986163866666666e+14 4.9525702503574292e-05 2.8061124163476723e+02
