["port 1","LEFT"]
["port 2","RIGHT"]
("port 1","mode 1",1,"port 1",1,"transmission")
(101, 3)
1.8737028625000000e+14 3.4112727399617232e-05 -2.8281955417944699e-01
1.8748746591619766e+14 3.4269858996129422e-05 -3.0749113748777918e-01
1.8760479224030038e+14 3.5109084923800799e-05 -2.0236570411050248e-01
1.8772226549780841e+14 3.3409421095461924e-05 -2.1749602540361401e-01
1.8783988596491231e+14 3.5307002546659253e-05 -1.4711427828776638e-01
1.8795765391849531e+14 3.3129459149539780e-05 -1.3139229007456532e-01
1.8807556963613553e+14 3.5421807615326610e-05 -9.6798537235414039e-02
1.8819363339610800e+14 3.3645816067263902e-05 -3.9494439800432254e-02
1.8831184547738694e+14 3.4968219479456176e-05 -2.0094966977871540e-02
1.8843020615964803e+14 3.3239998634056828e-05 3.4477615060571232e-02
1.8854871572327044e+14 3.4940848077929566e-05 2.2429111678777727e-02
1.8866737444933922e+14 3.4596213867033287e-05 1.1796305461137005e-01
1.8878618261964738e+14 3.4272917694112406e-05 1.2695180165562328e-01
1.8890514051669816e+14 3.3819682454096397e-05 1.7417271757269082e-01
1.8902424842370744e+14 3.4907688992519121e-05 1.8561378164848996e-01
1.8914350662460569e+14 3.3804277067263220e-05 2.7250951606941259e-01
1.8926291540404041e+14 3.4222832280621847e-05 2.3173273750727871e-01
1.8938247504737841e+14 3.5272855263551905e-05 3.4514308943490651e-01
1.8950218584070797e+14 3.3454170960220524e-05 3.3653586161261390e-01
1.8962204807084125e+14 3.5111196529608623e-05 3.9871797318795632e-01
1.8974206202531647e+14 3.3512871956835498e-05 4.2224101020780158e-01
1.8986222799240025e+14 3.4848222172014959e-05 4.5931951945974026e-01
1.8998254626109000e+14 3.4031029435539611e-05 4.9799698165993667e-01
1.9010301712111606e+14 3.4679799748335079e-05 5.4487497365107584e-01
1.9022364086294416e+14 3.3668144216319730e-05 5.6446674631148930e-01
1.9034441777777778e+14 3.5220467817651152e-05 6.1345086805487847e-01
1.9046534815756038e+14 3.3323237990575902e-05 6.6162101271260221e-01
1.9058643229497775e+14 3.4677191802034467e-05 6.5854676578606175e-01
1.9070767048346056e+14 3.4653556879622658e-05 7.3633056166552247e-01
1.9082906301718653e+14 3.4041806417118922e-05 7.6450679153513179e-01
1.9095061019108281e+14 3.4182643714967871e-05 7.8100081419562573e-01
1.9107231230082856e+14 3.5276580734441973e-05 8.4524448759380133e-01
1.9119416964285712e+14 3.3418334167849991e-05 8.9084541030526521e-01
1.9131618251435866e+14 3.4423635275836607e-05 8.9049880207795784e-01
1.9143835121328225e+14 3.4386352716745147e-05 9.5271137294825403e-01
1.9156067603833866e+14 3.4576109522341529e-05 9.8640553426892119e-01
1.9168315728900256e+14 3.3929924958823713e-05 1.0306843290328764e+00
1.9180579526551506e+14 3.4455548279722575e-05 1.0524006864658348e+00
1.9192859026888603e+14 3.4239702401101016e-05 1.1021263686660161e+00
1.9205154260089688e+14 3.4489573470480055e-05 1.1380575432127149e+00
1.9217465256410256e+14 3.3902140129015903e-05 1.1713826052550964e+00
1.9229792046183450e+14 3.4988240962947808e-05 1.2069213922338400e+00
1.9242134659820284e+14 3.4068298386004496e-05 1.2644306290364582e+00
1.9254493127809894e+14 3.4525536843942631e-05 1.2898717203105019e+00
1.9266867480719794e+14 3.3647385839805986e-05 1.3300946219695100e+00
1.9279257749196144e+14 3.4906256001597465e-05 1.3532427477279514e+00
1.9291663963963962e+14 3.3900087043260021e-05 1.4171654816495141e+00
1.9304086155827431e+14 3.4704298677875189e-05 1.4301994152988158e+00
1.9316524355670103e+14 3.3974818575482663e-05 1.4929103735640072e+00
1.9328978594455191e+14 3.4670645079266796e-05 1.5105868413754284e+00
1.9341448903225806e+14 3.3713710144612000e-05 1.5679059322947528e+00
1.9353935313105231e+14 3.4818744687764027e-05 1.5766947305394918e+00
1.9366437855297156e+14 3.4079596656740240e-05 1.6492746016681545e+00
1.9378956561085972e+14 3.4793241328283851e-05 1.6624698728982328e+00
1.9391491461837000e+14 3.3793206288492351e-05 1.7290933523129217e+00
1.9404042588996762e+14 3.4787972606955407e-05 1.7333388593280001e+00
1.9416609974093266e+14 3.3790097234218344e-05 1.8100432195250125e+00
1.9429193648736228e+14 3.4724894994151681e-05 1.8026029359078599e+00
1.9441793644617381e+14 3.4157953681519957e-05 1.8923571711302352e+00
1.9454409993510709e+14 3.4350629407042451e-05 1.8838722609453515e+00
1.9467042727272725e+14 3.4416054673850581e-05 1.9605285267133803e+00
1.9479691877842756e+14 3.4371194886833058e-05 1.9772612608220432e+00
1.9492357477243175e+14 3.3925351698218574e-05 2.0306281516372064e+00
1.9505039557579700e+14 3.4704776301086326e-05 2.0477172552038341e+00
1.9517738151041666e+14 3.4072287675648970e-05 2.1139377589607591e+00
1.9530453289902281e+14 3.4651548145255657e-05 2.1302373109046360e+00
1.9543185006518903e+14 3.3956097207825161e-05 2.1920997025019084e+00
1.9555933333333334e+14 3.4587376106918517e-05 2.2050521066758439e+00
1.9568698302872062e+14 3.4325329678389454e-05 2.2692322218019241e+00
1.9581479947746572e+14 3.4288111986209308e-05 2.3019464068350652e+00
1.9594278300653594e+14 3.3831282433163813e-05 2.3273333238791118e+00
1.9607093394375406e+14 3.4963416223034151e-05 2.3769436632987508e+00
1.9619925261780103e+14 3.3933501004559069e-05 2.4151760703586262e+00
1.9632773935821875e+14 3.4820510693835536e-05 2.4674629163720092e+00
1.9645639449541284e+14 3.3433297955881921e-05 2.4854029207344985e+00
1.9658521836065575e+14 3.5165420629742178e-05 2.5373299811545578e+00
1.9671421128608925e+14 3.3627230178326013e-05 2.5704854537671697e+00
1.9684337360472750e+14 3.5174785014424076e-05 2.6200095723550447e+00
1.9697270565045991e+14 3.3627038636427691e-05 2.6611962607717166e+00
1.9710220775805394e+14 3.4271771700996539e-05 2.6932884471297278e+00
1.9723188026315788e+14 3.4543374668768136e-05 2.7118377346836495e+00
1.9736172350230416e+14 3.4665793456095872e-05 2.8126900744316439e+00
1.9749173781291172e+14 3.3413780613981339e-05 2.7796735233288055e+00
1.9762192353328938e+14 3.5413364486946899e-05 2.8730370780654400e+00
1.9775228100263853e+14 3.3643164331553827e-05 2.8914025651104391e+00
1.9788281056105609e+14 3.4210385535486063e-05 2.9405381742978718e+00
1.9801351254953766e+14 3.4902522764824605e-05 2.9535909812516317e+00
1.9814438730998019e+14 3.3842443682225764e-05 3.0594282443578540e+00
1.9827543518518519e+14 3.4305673104809247e-05 3.0051465424180983e+00
1.9840665651886169e+14 3.4793083213165488e-05 3.1359773624197871e+00
1.9853805165562916e+14 3.4176777977080679e-05 3.1093775016964247e+00
1.9866962094102053e+14 3.4296525426269190e-05 3.2120180721385578e+00
1.9880136472148541e+14 3.4045704919743308e-05 3.1899547390975278e+00
1.9893328334439284e+14 3.4345991933957482e-05 3.2710160862983240e+00
1.9906537715803453e+14 3.4763483593199528e-05 3.2899789109195279e+00
1.9919764651162791e+14 3.3738477883860584e-05 3.3524363124473822e+00
1.9933009175531912e+14 3.5045489320191395e-05 3.3741592750718854e+00
1.9946271324018628e+14 3.3376777951853633e-05 3.4332154286381762e+00
1.9959551131824234e+14 3.5034305869049825e-05 3.4504041301234114e+00
1.9972848634243834e+14 3.3790767096637987e-05 3.5081274888346763e+00
1.9986163866666666e+14 3.4864182233971549e-05 3.5495189367155366e+00
("port 1","mode 1",1,"port 2",1,"transmission")
(101, 3)
1.8737028625000000e+14 8.4266372807414069e-01 -2.1507840870551256e-02
1.8748746591619766e+14 8.4275462488698805e-01 1.5068090795394713e+00
1.8760479224030038e+14 8.4284569349313365e-01 3.0370354256050098e+00
1.8772226549780841e+14 8.4293505142706249e-01 4.5691754210036679e+00
1.8783988596491231e+14 8.4302122124972789e-01 6.1032343293848133e+00
1.8795765391849531e+14 8.4310358330618995e-01 7.6392181385873830e+00
1.8807556963613553e+14 8.4318263912286684e-01 9.1771328730525266e+00
1.8819363339610800e+14 8.4325996932365432e-01 1.0716983960495039e+01
1.8831184547738694e+14 8.4333767301057694e-01 1.2258775738916990e+01
1.8843020615964803e+14 8.4341777356590542e-01 1.3802511140319469e+01
1.8854871572327044e+14 8.4350177678732019e-01 1.5348192034256821e+01
1.8866737444933922e+14 8.4359027450338242e-01 1.6895819822446303e+01
1.8878618261964738e+14 8.4368295536803195e-01 1.8445395914160521e+01
1.8890514051669816e+14 8.4377886653589673e-01 1.9996922192872638e+01
1.8902424842370744e+14 8.4387662898307203e-01 2.1550401172315819e+01
1.8914350662460569e+14 8.4397468292602340e-01 2.3105835929300991e+01
1.8926291540404041e+14 8.4407140119299429e-01 2.4663230104949388e+01
1.8938247504737841e+14 8.4416515293320327e-01 2.6222587923477573e+01
1.8950218584070797e+14 8.4425443403980038e-01 2.7783914355527138e+01
1.8962204807084125e+14 8.4433804069409968e-01 2.9347215102307000e+01
1.8974206202531647e+14 8.4441551753552657e-01 3.0912496377447283e+01
1.8986222799240025e+14 8.4448739472172729e-01 3.2479764687055450e+01
1.8998254626109000e+14 8.4455506914002743e-01 3.4049026110193928e+01
1.9010301712111606e+14 8.4462072098918795e-01 3.5620285669821584e+01
1.9022364086294416e+14 8.4468676428381462e-01 3.7193547278553289e+01
1.9034441777777778e+14 8.4475518258574089e-01 3.8768813615223948e+01
1.9046534815756038e+14 8.4482739378303229e-01 4.0346086528212147e+01
1.9058643229497775e+14 8.4490398551085055e-01 4.1925367782795306e+01
1.9070767048346056e+14 8.4498475768939896e-01 4.3506659163159448e+01
1.9082906301718653e+14 8.4506915386781101e-01 4.5089962775776321e+01
1.9095061019108281e+14 8.4515615018225254e-01 4.6675281232320799e+01
1.9107231230082856e+14 8.4524433922179198e-01 4.8262617394064129e+01
1.9119416964285712e+14 8.4533214691453773e-01 4.9851974869209862e+01
1.9131618251435866e+14 8.4541772398960480e-01 5.1443358358872587e+01
1.9143835121328225e+14 8.4549960893916709e-01 5.3036773529297541e+01
1.9156067603833866e+14 8.4557750189109371e-01 5.4632227122121073e+01
1.9168315728900256e+14 8.4565248897919731e-01 5.6229726040185440e+01
1.9180579526551506e+14 8.4572724713911984e-01 5.7829275942919672e+01
1.9192859026888603e+14 8.4580525479637492e-01 5.9430880421195809e+01
1.9205154260089688e+14 8.4588931233279452e-01 6.1034540380476805e+01
1.9217465256410256e+14 8.4598040494935633e-01 6.2640254837162914e+01
1.9229792046183450e+14 8.4607673760025626e-01 6.4248022925509602e+01
1.9242134659820284e+14 8.4617407727648919e-01 6.5857845708116244e+01
1.9254493127809894e+14 8.4626748954239805e-01 6.7469727829693142e+01
1.9266867480719794e+14 8.4635321131353569e-01 6.9083677622862979e+01
1.9279257749196144e+14 8.4643048318784986e-01 7.0699705236404128e+01
1.9291663963963962e+14 8.4650212812066783e-01 7.2317820172694113e+01
1.9304086155827431e+14 8.4657327516393210e-01 7.3938028656545200e+01
1.9316524355670103e+14 8.4664923897859368e-01 7.5560332346601967e+01
1.9328978594455191e+14 8.4673300750021985e-01 7.7184729350076282e+01
1.9341448903225806e+14 8.4682367129784508e-01 7.8811216607309944e+01
1.9353935313105231e+14 8.4691674201454825e-01 8.0439793053541734e+01
1.9366437855297156e+14 8.4700586732960026e-01 8.2070461892802470e+01
1.9378956561085972e+14 8.4708550585194498e-01 8.3703230829036571e+01
1.9391491461837000e+14 8.4715307013711016e-01 8.5338110562205088e+01
1.9404042588996762e+14 8.4720952051194298e-01 8.6975111864075672e+01
1.9416609974093266e+14 8.4725854954515201e-01 8.8614243008260175e+01
1.9429193648736228e+14 8.4730442524164795e-01 9.0255508818900736e+01
1.9441793644617381e+14 8.4734995329689367e-01 9.1898911233620225e+01
1.9454409993510709e+14 8.4739566051297566e-01 9.3544451508733545e+01
1.9467042727272725e+14 8.4744011283368526e-01 9.5192132440841945e+01
1.9479691877842756e+14 8.4748156534537367e-01 9.6841959234603408e+01
1.9492357477243175e+14 8.4751974072684111e-01 9.8493939089919564e+01
1.9505039557579700e+14 8.4755653713930379e-01 1.0014807932234572e+02
1.9517738151041666e+14 8.4759564061444814e-01 1.0180438524785144e+02
1.9530453289902281e+14 8.4764094859462380e-01 1.0346285924103620e+02
1.9543185006518903e+14 8.4769473339988965e-01 1.0512350117941227e+02
1.9555933333333334e+14 8.4775662964489507e-01 1.0678631031118258e+02
1.9568698302872062e+14 8.4782384895358176e-01 1.0845128745553468e+02
1.9581479947746572e+14 8.4789269295712055e-01 1.1011843648130285e+02
1.9594278300653594e+14 8.4796037531909529e-01 1.1178776437885347e+02
1.9607093394375406e+14 8.4802644434046137e-01 1.1345927961560412e+02
1.9619925261780103e+14 8.4809322150409772e-01 1.1513299002639869e+02
1.9632773935821875e+14 8.4816469258467597e-01 1.1680890103037011e+02
1.9645639449541284e+14 8.4824479083505766e-01 1.1848701473033442e+02
1.9658521836065575e+14 8.4833578386871877e-01 1.2016733074767426e+02
1.9671421128608925e+14 8.4843722066452887e-01 1.2184984802659653e+02
1.9684337360472750e+14 8.4854618496948186e-01 1.2353456683793269e+02
1.9697270565045991e+14 8.4865849875494026e-01 1.2522149038638040e+02
1.9710220775805394e+14 8.4877038336074306e-01 1.2691062507397962e+02
1.9723188026315788e+14 8.4888012975749805e-01 1.2860197951390310e+02
1.9736172350230416e+14 8.4898893888194649e-01 1.3029556271968389e+02
1.9749173781291172e+14 8.4910060920536490e-01 1.3199138193356401e+02
1.9762192353328938e+14 8.4922021189857277e-01 1.3368944089612947e+02
1.9775228100263853e+14 8.4935217375523209e-01 1.3538973941534161e+02
1.9788281056105609e+14 8.4949820151500088e-01 1.3709227445253245e+02
1.9801351254953766e+14 8.4965611526125662e-01 1.3879704220420362e+02
1.9814438730998019e+14 8.4982021066744085e-01 1.4050404101577877e+02
1.9827543518518519e+14 8.4998268233331908e-01 1.4221327369983635e+02
1.9840665651886169e+14 8.5013621239750004e-01 1.4392474792508213e+02
1.9853805165562916e+14 8.5027653172455142e-01 1.4563847514887752e+02
1.9866962094102053e+14 8.5040341851698231e-01 1.4735446774652704e+02
1.9880136472148541e+14 8.5052032293121116e-01 1.4907273565830548e+02
1.9893328334439284e+14 8.5063220005300721e-01 1.5079328455604954e+02
1.9906537715803453e+14 8.5074264152673562e-01 1.5251611570389426e+02
1.9919764651162791e+14 8.5085197102901833e-01 1.5424122816713970e+02
1.9933009175531912e+14 8.5095674219436546e-01 1.5596862205184826e+02
1.9946271324018628e+14 8.5105137368971417e-01 1.5769830099290914e+02
1.9959551131824234e+14 8.5113069581079093e-01 1.5943027309918830e+02
1.9972848634243834e+14 8.5119216086594984e-01 1.6116454927959356e+02
1.9986163866666666e+14 8.5123683760636326e-01 1.6290114055951875e+02
("port 2","mode 1",1,"port 1",1,"transmission")
(101, 3)
1.8737028625000000e+14 8.4531833700261572e-01 -2.2621650295381636e-02
1.8748746591619766e+14 8.4539187941945315e-01 1.5056932206716067e+00
1.8760479224030038e+14 8.4546750574076579e-01 3.0359274513195964e+00
1.8772226549780841e+14 8.4554686655843314e-01 4.5680832833587948e+00
1.8783988596491231e+14 8.4563110627724070e-01 6.1021620770367644e+00
1.8795765391849531e+14 8.4572043959805632e-01 7.6381648479408755e+00
1.8807556963613553e+14 8.4581398214784531e-01 9.1760926818959909e+00
1.8819363339610800e+14 8.4591007216865155e-01 1.0715947380295434e+01
1.8831184547738694e+14 8.4600653571063344e-01 1.2257731959111306e+01
1.8843020615964803e+14 8.4610121714337194e-01 1.3801450504510852e+01
1.8854871572327044e+14 8.4619255729196530e-01 1.5347108117072523e+01
1.8866737444933922e+14 8.4627959829612143e-01 1.6894710542108843e+01
1.8878618261964738e+14 8.4636210721121441e-01 1.8444263450255526e+01
1.8890514051669816e+14 8.4644063543771220e-01 1.9995772372541477e+01
1.8902424842370744e+14 8.4651608669150624e-01 2.1549242582054770e+01
1.8914350662460569e+14 8.4658967503154647e-01 2.3104678705427844e+01
1.8926291540404041e+14 8.4666297383819844e-01 2.4662084857765755e+01
1.8938247504737841e+14 8.4673757953639617e-01 2.6221464560028437e+01
1.8950218584070797e+14 8.4681497454027010e-01 2.7782820491604333e+01
1.8962204807084125e+14 8.4689625958083559e-01 2.9346154668072888e+01
1.8974206202531647e+14 8.4698178292219162e-01 3.0911468620808531e+01
1.8986222799240025e+14 8.4707106618590344e-01 3.2478763865111382e+01
1.8998254626109000e+14 8.4716276015081238e-01 3.4048042492855856e+01
1.9010301712111606e+14 8.4725498446149794e-01 3.5619307409263556e+01
1.9022364086294416e+14 8.4734589159967222e-01 3.7192562653671260e+01
1.9034441777777778e+14 8.4743388018734844e-01 3.8767813258793396e+01
1.9046534815756038e+14 8.4751799025127394e-01 4.0345064659334277e+01
1.9058643229497775e+14 8.4759805953482947e-01 4.1924322596627633e+01
1.9070767048346056e+14 8.4767434830108479e-01 4.3505592800442230e+01
1.9082906301718653e+14 8.4774760083398581e-01 4.5088880578013971e+01
1.9095061019108281e+14 8.4781913025512257e-01 4.6674191019962223e+01
1.9107231230082856e+14 8.4789057508673904e-01 4.8261528813663368e+01
1.9119416964285712e+14 8.4796393714655016e-01 4.9850897699939246e+01
1.9131618251435866e+14 8.4804137257293799e-01 5.1442300313970144e+01
1.9143835121328225e+14 8.4812446614148129e-01 5.3035738084728628e+01
1.9156067603833866e+14 8.4821357014589482e-01 5.4631211455479367e+01
1.9168315728900256e+14 8.4830743335495173e-01 5.6228720814391373e+01
1.9180579526551506e+14 8.4840329126800929e-01 5.7828267808848132e+01
1.9192859026888603e+14 8.4849757571087370e-01 5.9429856347693004e+01
1.9205154260089688e+14 8.4858726890178027e-01 6.1033492753595148e+01
1.9217465256410256e+14 8.4867127494500560e-01 6.2639185088831134e+01
1.9229792046183450e+14 8.4875093076877561e-01 6.4246941511580957e+01
1.9242134659820284e+14 8.4882962056586286e-01 6.5856768199492862e+01
1.9254493127809894e+14 8.4891140201399551e-01 6.7468668168155958e+01
1.9266867480719794e+14 8.4899900446873400e-01 6.9082641321008396e+01
1.9279257749196144e+14 8.4909237657325365e-01 7.0698685960994908e+01
1.9291663963963962e+14 8.4918824374698587e-01 7.2316801358619642e+01
1.9304086155827431e+14 8.4928110128609446e-01 7.3936989882391558e+01
1.9316524355670103e+14 8.4936547697531450e-01 7.5559258076374093e+01
1.9328978594455191e+14 8.4943807238868230e-01 7.7183616041610918e+01
1.9341448903225806e+14 8.4949912210267609e-01 7.8810074989703679e+01
1.9353935313105231e+14 8.4955234547489955e-01 8.0438644540869646e+01
1.9366437855297156e+14 8.4960319702510290e-01 8.2069330673006036e+01
1.9378956561085972e+14 8.4965663134278713e-01 8.3702135201103474e+01
1.9391491461837000e+14 8.4971518628712528e-01 8.5337057354421106e+01
1.9404042588996762e+14 8.4977816178645171e-01 8.6974096189390437e+01
1.9416609974093266e+14 8.4984254225720990e-01 8.8613252839982593e+01
1.9429193648736228e+14 8.4990478929580493e-01 9.0254531700552178e+01
1.9441793644617381e+14 8.4996266524962727e-01 9.1897939712115402e+01
1.9454409993510709e+14 8.5001627062500729e-01 9.3543484572834217e+01
1.9467042727272725e+14 8.5006759483032401e-01 9.5191172751675452e+01
1.9479691877842756e+14 8.5011916231590745e-01 9.6841008323951968e+01
1.9492357477243175e+14 8.5017244013442739e-01 9.8492993440974189e+01
1.9505039557579700e+14 8.5022689278930130e-01 1.0014712985443684e+02
1.9517738151041666e+14 8.5028037449922755e-01 1.0180342076511823e+02
1.9530453289902281e+14 8.5033046262459566e-01 1.0346187192185356e+02
1.9543185006518903e+14 8.5037618621593936e-01 1.0512249122079388e+02
1.9555933333333334e+14 8.5041908310890801e-01 1.0678528721573232e+02
1.9568698302872062e+14 8.5046292924761913e-01 1.0845026691906972e+02
1.9581479947746572e+14 8.5051256494445171e-01 1.1011743423161610e+02
1.9594278300653594e+14 8.5057199806636430e-01 1.1178678998317672e+02
1.9607093394375406e+14 8.5064281708674561e-01 1.1345833310884532e+02
1.9619925261780103e+14 8.5072389292585671e-01 1.1513206277963940e+02
1.9632773935821875e+14 8.5081213001196987e-01 1.1680798041428868e+02
1.9645639449541284e+14 8.5090415760150573e-01 1.1848609043217709e+02
1.9658521836065575e+14 8.5099806683383661e-01 1.2016639976053746e+02
1.9671421128608925e+14 8.5109434442765752e-01 1.2184891602978946e+02
1.9684337360472750e+14 8.5119582993375276e-01 1.2353364553652122e+02
1.9697270565045991e+14 8.5130637429820932e-01 1.2522059181815649e+02
1.9710220775805394e+14 8.5142911372549479e-01 1.2690975514716611e+02
1.9723188026315788e+14 8.5156497260465347e-01 1.2860113372494007e+02
1.9736172350230416e+14 8.5171167591084995e-01 1.3029472556983637e+02
1.9749173781291172e+14 8.5186430685294123e-01 1.3199053055878559e+02
1.9762192353328938e+14 8.5201663225870272e-01 1.3368855234134719e+02
1.9775228100263853e+14 8.5216288509481886e-01 1.3538879845879507e+02
1.9788281056105609e+14 8.5229990452680104e-01 1.3709127931945005e+02
1.9801351254953766e+14 8.5242796606230120e-01 1.3879600624070235e+02
1.9814438730998019e+14 8.5255057564210579e-01 1.4050298851772348e+02
1.9827543518518519e+14 8.5267317792523334e-01 1.4221223171133653e+02
1.9840665651886169e+14 8.5280052753884938e-01 1.4392373711390761e+02
1.9853805165562916e+14 8.5293467507656817e-01 1.4563750268442303e+02
1.9866962094102053e+14 8.5307385988996387e-01 1.4735352594900934e+02
1.9880136472148541e+14 8.5321278355927688e-01 1.4907180676070024e+02
1.9893328334439284e+14 8.5334475604324600e-01 1.5079234924046619e+02
1.9906537715803453e+14 8.5346413934888365e-01 1.5251516202477282e+02
1.9919764651162791e+14 8.5356837287916831e-01 1.5424025616048490e+02
1.9933009175531912e+14 8.5365862576591123e-01 1.5596764227716690e+02
1.9946271324018628e+14 8.5373842750713425e-01 1.5769732807333551e+02
1.9959551131824234e+14 8.5381128716384147e-01 1.5942931733162112e+02
1.9972848634243834e+14 8.5387844372273036e-01 1.6116361105071900e+02
1.9986163866666666e+14 8.5393796759186524e-01 1.6290021008292325e+02
("port 2","mode 1",1,"port 2",1,"transmission")
(101, 3)
1.8737028625000000e+14 8.7430037056189139e-05 2.3613954485600983e+00
1.8748746591619766e+14 8.9481482376311115e-05 5.3803165585522885e+00
1.8760479224030038e+14 8.7933509019233447e-05 8.4020783027839006e+00
1.8772226549780841e+14 8.8889868783318895e-05 1.1430460671591332e+01
1.8783988596491231e+14 8.7449100632333056e-05 1.4469983821255383e+01
1.8795765391849531e+14 8.9850470099233279e-05 1.7499822296964858e+01
1.8807556963613553e+14 8.6188333808902051e-05 2.0531634686244146e+01
1.8819363339610800e+14 8.9351093462897827e-05 2.3609326911378155e+01
1.8831184547738694e+14 8.8119957275765859e-05 2.6610972091155759e+01
1.8843020615964803e+14 8.7343530594846509e-05 2.9702412694915203e+01
1.8854871572327044e+14 8.8521847432942058e-05 3.2733054199336827e+01
1.8866737444933922e+14 8.7662149427286966e-05 3.5810996033042557e+01
1.8878618261964738e+14 8.8271440908144300e-05 3.8851415355482366e+01
1.8890514051669816e+14 8.6801814368295344e-05 4.1945801673244219e+01
1.8902424842370744e+14 8.9272757841938409e-05 4.4995644046892785e+01
1.8914350662460569e+14 8.6382813558733796e-05 4.8076569254120642e+01
1.8926291540404041e+14 8.8568836823770770e-05 5.1157926033447325e+01
1.8938247504737841e+14 8.6689684964453398e-05 5.4236231342416801e+01
1.8950218584070797e+14 8.8394379473317035e-05 5.7328926156564350e+01
1.8962204807084125e+14 8.6829758939567690e-05 6.0407282766669937e+01
1.8974206202531647e+14 8.7589348732820078e-05 6.3515442851410377e+01
1.8986222799240025e+14 8.7303736424004040e-05 6.6603304373933994e+01
1.8998254626109000e+14 8.7302723343750320e-05 6.9707112986309284e+01
1.9010301712111606e+14 8.6580585964159235e-05 7.2816715040768614e+01
1.9022364086294416e+14 8.7864333168073138e-05 7.5924971067850521e+01
1.9034441777777778e+14 8.6055354360407935e-05 7.9031855211451472e+01
1.9046534815756038e+14 8.7403645119290687e-05 8.2165528783998795e+01
1.9058643229497775e+14 8.6645011652203760e-05 8.5266236318409369e+01
1.9070767048346056e+14 8.6266503916726533e-05 8.2126443193187995e+01
1.9082906301718653e+14 8.6718300192193998e-05 8.5248451565240018e+01
1.9095061019108281e+14 8.6399962781725205e-05 8.8382748091807500e+01
1.9107231230082856e+14 8.5924595798927853e-05 9.1522737761639789e+01
1.9119416964285712e+14 8.6740758809195260e-05 8.8381813883333834e+01
1.9131618251435866e+14 8.5546407282144924e-05 9.1521243858423674e+01
1.9143835121328225e+14 8.6214724841382159e-05 8.8396951493843332e+01
1.9156067603833866e+14 8.5243613515651948e-05 8.5261869288474841e+01
1.9168315728900256e+14 8.6438720649254045e-05 8.2145495883125278e+01
1.9180579526551506e+14 8.4967739398478738e-05 7.9009398415352749e+01
1.9192859026888603e+14 8.5891928543020856e-05 7.5913135990027058e+01
1.9205154260089688e+14 8.5276613931431884e-05 7.2780274307527151e+01
1.9217465256410256e+14 8.5600394166686507e-05 6.9686803550813323e+01
1.9229792046183450e+14 8.4441317945419762e-05 6.6570300014855164e+01
1.9242134659820284e+14 8.6284649443201924e-05 6.3492202045849830e+01
1.9254493127809894e+14 8.4806566732216970e-05 6.0356349565400649e+01
1.9266867480719794e+14 8.4767107928106566e-05 5.7308582624346492e+01
1.9279257749196144e+14 8.5547773256535326e-05 5.4182745564941399e+01
1.9291663963963962e+14 8.4448781106416488e-05 5.1129032656642963e+01
1.9304086155827431e+14 8.5167610584633872e-05 4.8022778843423787e+01
1.9316524355670103e+14 8.4651101364502051e-05 4.4976654181538791e+01
1.9328978594455191e+14 8.5433854958776064e-05 4.1870071472598234e+01
1.9341448903225806e+14 8.4050391369170060e-05 3.8836982167481189e+01
1.9353935313105231e+14 8.5659481348614072e-05 3.5741589056703809e+01
1.9366437855297156e+14 8.3857434178876317e-05 3.2712219072602529e+01
1.9378956561085972e+14 8.5821332333667249e-05 2.9628421399398189e+01
1.9391491461837000e+14 8.3815203913404577e-05 2.6603662314936436e+01
1.9404042588996762e+14 8.6084757519462032e-05 2.3527568688638844e+01
1.9416609974093266e+14 8.3072808944838775e-05 2.0507786950602849e+01
1.9429193648736228e+14 8.6077989539414882e-05 1.7456279380041419e+01
1.9441793644617381e+14 8.3603802580104649e-05 1.4424336472721365e+01
1.9454409993510709e+14 8.4980289397216927e-05 1.1392412453395364e+01
1.9467042727272725e+14 8.4375323506400790e-05 8.3745103314100149e+00
1.9479691877842756e+14 8.4949095565825397e-05 5.3304074366477820e+00
1.9492357477243175e+14 8.3467874082234739e-05 2.3384023176113713e+00
1.9505039557579700e+14 8.5461879224094274e-05 -7.0039184853960224e-01
1.9517738151041666e+14 8.2704074734524246e-05 -3.6932989901508377e+00
1.9530453289902281e+14 8.5080353475314332e-05 -6.7040459650214697e+00
1.9543185006518903e+14 8.3320596472141503e-05 -9.7056849888853467e+00
1.9555933333333334e+14 8.4272678282061697e-05 -1.2705851980698958e+01
1.9568698302872062e+14 8.2947838599890190e-05 -1.5695129355421535e+01
1.9581479947746572e+14 8.3548761044696752e-05 -1.8680848263121504e+01
1.9594278300653594e+14 8.3392866138477269e-05 -2.1664842811407606e+01
1.9607093394375406e+14 8.2932092580117819e-05 -2.4648353768413063e+01
1.9619925261780103e+14 8.3288025604329739e-05 -2.7614331562014961e+01
1.9632773935821875e+14 8.2836246086689347e-05 -3.0600213227556122e+01
1.9645639449541284e+14 8.2099908592910329e-05 -3.3551630303309224e+01
1.9658521836065575e+14 8.2810157406647681e-05 -3.6514245976594850e+01
1.9671421128608925e+14 8.2329397736786314e-05 -3.9480644213099012e+01
1.9684337360472750e+14 8.1735451511890961e-05 -4.2415188181787997e+01
1.9697270565045991e+14 8.3284724262185149e-05 -4.5383664928175214e+01
1.9710220775805394e+14 8.0432388077510629e-05 -4.8314406130840695e+01
1.9723188026315788e+14 8.3005031671665855e-05 -5.1255358766683706e+01
1.9736172350230416e+14 8.0669608648070715e-05 -5.4186504924598374e+01
1.9749173781291172e+14 8.3073350135480067e-05 -5.7124077787041045e+01
1.9762192353328938e+14 8.0207061041472197e-05 -6.0043056095913172e+01
1.9775228100263853e+14 8.3080632334383352e-05 -6.2969316472424445e+01
1.9788281056105609e+14 8.0034537035991997e-05 -6.5886463096580641e+01
1.9801351254953766e+14 8.2190556933165097e-05 -6.8791098753972193e+01
1.9814438730998019e+14 8.1421936476540010e-05 -7.1701366629205083e+01
1.9827543518518519e+14 8.1340243734363141e-05 -7.4619989695310849e+01
1.9840665651886169e+14 8.1351106560880089e-05 -7.7485408052076281e+01
1.9853805165562916e+14 8.2249824086390414e-05 -8.0427589441667081e+01
1.9866962094102053e+14 8.0229195319457745e-05 -8.3269966451356808e+01
1.9880136472148541e+14 8.2779298148961264e-05 -8.6195070742594908e+01
1.9893328334439284e+14 8.0727939789948188e-05 -8.9049987592534904e+01
1.9906537715803453e+14 8.1740966881142275e-05 -9.1953050164619128e+01
1.9919764651162791e+14 8.1475751013474312e-05 -9.4798268755645111e+01
1.9933009175531912e+14 8.1057520703355698e-05 -9.7700343548476653e+01
1.9946271324018628e+14 8.1694612744158995e-05 -1.0052473491534136e+02
1.9959551131824234e+14 8.1201051847895820e-05 -1.0342881275891446e+02
1.9972848634243834e+14 8.1233242905890958e-05 -1.0624375834632343e+02
1.9986163866666666e+14 8.1025795690013922e-05 -1.0912808199680195e+02
