["port 2","RIGHT"]
["port 1","LEFT"]
("port 1","mode 1",1,"port 1",1,"transmission")
(101, 3)
1.8737028625000000e+14 2.7927915043398782e-05 -4.0027181615165192e-01
1.8748746591619766e+14 2.7933506919521802e-05 -3.5695222488330242e-01
1.8760479224030038e+14 2.7706860200849978e-05 -3.2381913265178208e-01
1.8772226549780841e+14 2.7877499774377432e-05 -2.9551799134176493e-01
1.8783988596491231e+14 2.7616648678392835e-05 -2.6886854473302108e-01
1.8795765391849531e+14 2.8499343280948510e-05 -2.4829731290194362e-01
1.8807556963613553e+14 2.8473165774314367e-05 -1.8995432980868748e-01
1.8819363339610800e+14 2.8443805253161794e-05 -1.5796288621034832e-01
1.8831184547738694e+14 2.8139966655979508e-05 -1.3369053430522199e-01
1.8843020615964803e+14 2.8927106088196451e-05 -1.0409298016768428e-01
1.8854871572327044e+14 2.8659000826917786e-05 -6.2629621011971504e-02
1.8866737444933922e+14 2.9050324594898840e-05 -3.3035204819869678e-02
1.8878618261964738e+14 2.9091934529488784e-05 -5.3267596650049005e-03
1.8890514051669816e+14 2.9740604334290459e-05 4.1599548880899978e-02
1.8902424842370744e+14 2.9356430790542237e-05 7.6835064069383549e-02
1.8914350662460569e+14 2.9774081857100718e-05 1.0501468945397308e-01
1.8926291540404041e+14 3.0200542787408853e-05 1.4276909131082938e-01
1.8938247504737841e+14 3.0217951129437900e-05 1.9187551661190316e-01
1.8950218584070797e+14 3.0473346933975124e-05 2.2109077004478969e-01
1.8962204807084125e+14 3.0403366874143163e-05 2.7125872473671425e-01
1.8974206202531647e+14 3.0701073270570712e-05 2.9066280584400611e-01
1.8986222799240025e+14 3.1047901876661198e-05 3.5279708508654289e-01
1.8998254626109000e+14 3.0465872931499851e-05 3.7991763778399357e-01
1.9010301712111606e+14 3.1054987053589313e-05 4.0914890938834181e-01
1.9022364086294416e+14 3.1184446065090503e-05 4.4803521365486565e-01
1.9034441777777778e+14 3.1741487772439647e-05 4.9422211440500968e-01
1.9046534815756038e+14 3.1344568705199886e-05 5.4093846714521698e-01
1.9058643229497775e+14 3.1445507308816125e-05 5.7319752125458923e-01
1.9070767048346056e+14 3.1489510708385009e-05 5.9840945223440833e-01
1.9082906301718653e+14 3.2119218833364802e-05 6.4547926454061633e-01
1.9095061019108281e+14 3.2015063672630358e-05 6.7389932520713713e-01
1.9107231230082856e+14 3.2942548781830875e-05 7.2539241834806711e-01
1.9119416964285712e+14 3.2621224085820061e-05 7.7929387556886109e-01
1.9131618251435866e+14 3.2359736704593596e-05 8.1181972601892693e-01
1.9143835121328225e+14 3.3156626834908211e-05 8.4204405975698915e-01
1.9156067603833866e+14 3.3069133185778810e-05 9.0575116927454236e-01
1.9168315728900256e+14 3.3162798960154531e-05 9.3848441838957397e-01
1.9180579526551506e+14 3.3107522309725445e-05 9.8733083110168718e-01
1.9192859026888603e+14 3.3160029022134862e-05 1.0299954457710458e+00
1.9205154260089688e+14 3.2938524646914192e-05 1.0603301789526993e+00
1.9217465256410256e+14 3.3539655802723899e-05 1.1087067870250948e+00
1.9229792046183450e+14 3.3108598725253046e-05 1.1474729768423493e+00
1.9242134659820284e+14 3.3528596813288298e-05 1.1891529368078166e+00
1.9254493127809894e+14 3.3299075182309469e-05 1.2272988566737817e+00
1.9266867480719794e+14 3.3808258726168852e-05 1.2651143295813609e+00
1.9279257749196144e+14 3.3865664697421834e-05 1.3200988445991888e+00
1.9291663963963962e+14 3.3452059509932780e-05 1.3586440338011911e+00
1.9304086155827431e+14 3.3797192108790886e-05 1.3814132387326370e+00
1.9316524355670103e+14 3.4631142728218019e-05 1.4365990118048986e+00
1.9328978594455191e+14 3.4346605100621498e-05 1.4931414392996001e+00
1.9341448903225806e+14 3.4335934413055865e-05 1.5396187728496742e+00
1.9353935313105231e+14 3.4046150219496272e-05 1.5809978868011718e+00
1.9366437855297156e+14 3.4132050808057602e-05 1.6231831300318715e+00
1.9378956561085972e+14 3.4203026426863056e-05 1.6642198351779145e+00
1.9391491461837000e+14 3.4033820258262603e-05 1.7141649187962145e+00
1.9404042588996762e+14 3.4110097557240705e-05 1.7498279650710340e+00
1.9416609974093266e+14 3.3943974672105100e-05 1.7954525402782875e+00
1.9429193648736228e+14 3.4320580683111001e-05 1.8370984256244764e+00
1.9441793644617381e+14 3.3841015111563547e-05 1.8907821902605229e+00
1.9454409993510709e+14 3.3742622148743354e-05 1.9182413973269410e+00
1.9467042727272725e+14 3.4130413937144564e-05 1.9620769670543621e+00
1.9479691877842756e+14 3.3886553857845187e-05 2.0059402775814337e+00
1.9492357477243175e+14 3.4475763003529998e-05 2.0493414161067784e+00
1.9505039557579700e+14 3.4002419089624702e-05 2.1060081017447829e+00
1.9517738151041666e+14 3.3969721409482085e-05 2.1442596866570476e+00
1.9530453289902281e+14 3.4071184531813989e-05 2.1824568447150119e+00
1.9543185006518903e+14 3.3984639588872341e-05 2.2440211016213683e+00
1.9555933333333334e+14 3.3807956380703354e-05 2.2731923514523822e+00
1.9568698302872062e+14 3.3735414085185758e-05 2.3316248472497421e+00
1.9581479947746572e+14 3.3622534813008811e-05 2.3665074218886608e+00
1.9594278300653594e+14 3.3482558325270798e-05 2.4162288270689203e+00
1.9607093394375406e+14 3.3285181470362057e-05 2.4650999383646646e+00
1.9619925261780103e+14 3.2853932383401517e-05 2.4964720709805075e+00
1.9632773935821875e+14 3.2940807309892364e-05 2.5390475520172542e+00
1.9645639449541284e+14 3.3185339572797420e-05 2.5770939186793793e+00
1.9658521836065575e+14 3.2756594606806849e-05 2.6394937423915357e+00
1.9671421128608925e+14 3.2443037375103454e-05 2.6630368165482197e+00
1.9684337360472750e+14 3.2697594243662113e-05 2.7037644158238017e+00
1.9697270565045991e+14 3.2849194925136033e-05 2.7582148318312671e+00
1.9710220775805394e+14 3.2202218564579549e-05 2.7997734893361801e+00
1.9723188026315788e+14 3.2870040657710917e-05 2.8366498705238867e+00
1.9736172350230416e+14 3.2180106622362720e-05 2.9109231444226986e+00
1.9749173781291172e+14 3.1805541104982223e-05 2.9338403537386011e+00
1.9762192353328938e+14 3.1377433624170731e-05 2.9796403912166243e+00
1.9775228100263853e+14 3.1711597097335051e-05 3.0100679947139799e+00
1.9788281056105609e+14 3.1408675094225064e-05 3.0607045911348498e+00
1.9801351254953766e+14 3.1307579360097864e-05 3.1115860223001581e+00
1.9814438730998019e+14 3.0968727923627678e-05 3.1426405428705748e+00
1.9827543518518519e+14 3.0479590796406189e-05 3.2022713447998270e+00
1.9840665651886169e+14 3.0326718786336936e-05 3.2084622729731112e+00
1.9853805165562916e+14 3.0535392826800648e-05 3.2634792979467391e+00
1.9866962094102053e+14 3.0358850199051287e-05 3.3063410537427527e+00
1.9880136472148541e+14 3.0244171610457622e-05 3.3406231192807763e+00
1.9893328334439284e+14 2.9961581392015301e-05 3.3998081827255233e+00
1.9906537715803453e+14 2.9872028864593368e-05 3.4172218575358775e+00
1.9919764651162791e+14 2.9706995993398287e-05 3.4780836119368490e+00
1.9933009175531912e+14 2.9704726135308243e-05 3.5089792024430015e+00
1.9946271324018628e+14 2.9259277823562420e-05 3.5635265426342864e+00
1.9959551131824234e+14 2.8944114112126801e-05 3.5969073672817964e+00
1.9972848634243834e+14 2.8819181188332095e-05 3.6325478047024755e+00
1.9986163866666666e+14 2.8376325870958416e-05 3.6767768828570184e+00
("port 1","mode 1",1,"port 2",1,"transmission")
(101, 3)
1.8737028625000000e+14 7.7604558451979577e-01 2.7212359812491145e+00
1.8748746591619766e+14 7.7625349751149586e-01 4.4751320170660023e+00
1.8760479224030038e+14 7.7646697564350720e-01 6.2312270405781298e+00
1.8772226549780841e+14 7.7668521874398266e-01 7.9895202113078660e+00
1.8783988596491231e+14 7.7690526923862802e-01 9.7500131162374526e+00
1.8795765391849531e+14 7.7712411587376695e-01 1.1512710845780312e+01
1.8807556963613553e+14 7.7734057650916555e-01 1.3277620621189037e+01
1.8819363339610800e+14 7.7755572885855906e-01 1.5044749259847380e+01
1.8831184547738694e+14 7.7777172253456117e-01 1.6814101363937446e+01
1.8843020615964803e+14 7.7799007526419328e-01 1.8585679240417083e+01
1.8854871572327044e+14 7.7821070916040536e-01 2.0359484386356385e+01
1.8866737444933922e+14 7.7843210748241798e-01 2.2135519239913048e+01
1.8878618261964738e+14 7.7865228137456322e-01 2.3913788007123589e+01
1.8890514051669816e+14 7.7886978705288190e-01 2.5694296474724400e+01
1.8902424842370744e+14 7.7908424282654953e-01 2.7477051274156839e+01
1.8914350662460569e+14 7.7929638001951274e-01 2.9262059025608270e+01
1.8926291540404041e+14 7.7950793972850940e-01 3.1049325497542117e+01
1.8938247504737841e+14 7.7972137055971180e-01 3.2838854927639481e+01
1.8950218584070797e+14 7.7993897905223075e-01 3.4630649584527646e+01
1.8962204807084125e+14 7.8016178345570253e-01 3.6424709981673608e+01
1.8974206202531647e+14 7.8038869733076976e-01 3.8221036343874232e+01
1.8986222799240025e+14 7.8061674091213429e-01 4.0019630712429020e+01
1.8998254626109000e+14 7.8084260459200105e-01 4.1820498333416140e+01
1.9010301712111606e+14 7.8106463178667063e-01 4.3623647059070890e+01
1.9022364086294416e+14 7.8128387075192263e-01 4.5429084714328390e+01
1.9034441777777778e+14 7.8150318277482045e-01 4.7236816396579940e+01
1.9046534815756038e+14 7.8172472053743369e-01 4.9046843709227822e+01
1.9058643229497775e+14 7.8194781408406810e-01 5.0859166746248370e+01
1.9070767048346056e+14 7.8216900850750737e-01 5.2673787661536117e+01
1.9082906301718653e+14 7.8238443308565764e-01 5.4490712924397933e+01
1.9095061019108281e+14 7.8259281486214871e-01 5.6309952298781617e+01
1.9107231230082856e+14 7.8279668771271738e-01 5.8131514994944595e+01
1.9119416964285712e+14 7.8300072760863582e-01 5.9955405929795390e+01
1.9131618251435866e+14 7.8320821310109723e-01 6.1781625072449586e+01
1.9143835121328225e+14 7.8341845721114545e-01 6.3610170420577774e+01
1.9156067603833866e+14 7.8362718807210807e-01 6.5441042740615245e+01
1.9168315728900256e+14 7.8382936744122789e-01 6.7274248165661902e+01
1.9180579526551506e+14 7.8402261213081548e-01 6.9109796618457636e+01
1.9192859026888603e+14 7.8420847150756512e-01 7.0947697871256921e+01
1.9205154260089688e+14 7.8439053747721055e-01 7.2787958015109780e+01
1.9217465256410256e+14 7.8457140097711320e-01 7.4630579018332881e+01
1.9229792046183450e+14 7.8475075301560193e-01 7.6475561660400061e+01
1.9242134659820284e+14 7.8492595725255698e-01 7.8322908897799891e+01
1.9254493127809894e+14 7.8509448679621596e-01 8.0172627033329277e+01
1.9266867480719794e+14 7.8525588012574066e-01 8.2024724012798401e+01
1.9279257749196144e+14 7.8541172284976424e-01 8.3879206515141320e+01
1.9291663963963962e+14 7.8556381703681744e-01 8.5736078597677988e+01
1.9304086155827431e+14 7.8571221675112035e-01 8.7595342770274385e+01
1.9316524355670103e+14 7.8585502620072945e-01 8.9457002524340695e+01
1.9328978594455191e+14 7.8598990951680403e-01 9.1321064284642574e+01
1.9341448903225806e+14 7.8611602855542906e-01 9.3187536931415067e+01
1.9353935313105231e+14 7.8623512043766886e-01 9.5056429431781936e+01
1.9366437855297156e+14 7.8635090999292423e-01 9.6927748452640429e+01
1.9378956561085972e+14 7.8646735891787234e-01 9.8801497308050529e+01
1.9391491461837000e+14 7.8658687448565168e-01 1.0067767658675551e+02
1.9404042588996762e+14 7.8670933693925682e-01 1.0255628587754711e+02
1.9416609974093266e+14 7.8683212620197385e-01 1.0443732590756584e+02
1.9429193648736228e+14 7.8695100120085570e-01 1.0632080032058674e+02
1.9441793644617381e+14 7.8706179059193226e-01 1.0820671655776417e+02
1.9454409993510709e+14 7.8716235412119873e-01 1.1009508526239762e+02
1.9467042727272725e+14 7.8725399783389138e-01 1.1198591786590219e+02
1.9479691877842756e+14 7.8734122182814992e-01 1.1387922338602628e+02
1.9492357477243175e+14 7.8742945734209979e-01 1.1577500608569434e+02
1.9505039557579700e+14 7.8752210785553434e-01 1.1767326595690788e+02
1.9517738151041666e+14 7.8761867333188651e-01 1.1957400208512981e+02
1.9530453289902281e+14 7.8771562061325473e-01 1.2147721652698480e+02
1.9543185006518903e+14 7.8780937513678750e-01 1.2338291620713966e+02
1.9555933333333334e+14 7.8789903622870872e-01 1.2529111107373684e+02
1.9568698302872062e+14 7.8798706072764246e-01 1.2720181021897754e+02
1.9581479947746572e+14 7.8807730777851437e-01 1.2911501935167385e+02
1.9594278300653594e+14 7.8817241993735054e-01 1.3103074118016289e+02
1.9607093394375406e+14 7.8827296344850772e-01 1.3294897818495326e+02
1.9619925261780103e+14 7.8837871456357911e-01 1.3486973478096880e+02
1.9632773935821875e+14 7.8849068518463172e-01 1.3679301673875730e+02
1.9645639449541284e+14 7.8861154599109762e-01 1.3871882862350540e+02
1.9658521836065575e+14 7.8874386834282928e-01 1.4064717185071154e+02
1.9671421128608925e+14 7.8888775623047658e-01 1.4257804571942847e+02
1.9684337360472750e+14 7.8904010316057804e-01 1.4451145074437954e+02
1.9697270565045991e+14 7.8919642972080850e-01 1.4644739163068215e+02
1.9710220775805394e+14 7.8935372797565140e-01 1.4838587738729063e+02
1.9723188026315788e+14 7.8951229760017294e-01 1.5032691837017182e+02
1.9736172350230416e+14 7.8967547085188750e-01 1.5227052301228102e+02
1.9749173781291172e+14 7.8984757036219944e-01 1.5421669625673337e+02
1.9762192353328938e+14 7.9003204486692602e-01 1.5616543986709780e+02
1.9775228100263853e+14 7.9023055398585351e-01 1.5811675391403787e+02
1.9788281056105609e+14 7.9044265014956161e-01 1.6007063801932827e+02
1.9801351254953766e+14 7.9066582132498309e-01 1.6202709269293030e+02
1.9814438730998019e+14 7.9089581504235407e-01 1.6398612099873492e+02
1.9827543518518519e+14 7.9112824798138770e-01 1.6594772975671313e+02
1.9840665651886169e+14 7.9136096184390459e-01 1.6791192919566501e+02
1.9853805165562916e+14 7.9159551990584476e-01 1.6987872984847013e+02
1.9866962094102053e+14 7.9183640540585809e-01 1.7184813888234822e+02
1.9880136472148541e+14 7.9208781036719633e-01 1.7382015856032436e+02
1.9893328334439284e+14 7.9235095617396933e-01 1.7579478841911012e+02
1.9906537715803453e+14 7.9262391789702757e-01 1.7777202946989087e+02
1.9919764651162791e+14 7.9290423209391092e-01 1.7975188600804830e+02
1.9933009175531912e+14 7.9319141234161272e-01 1.8173436390355573e+02
1.9946271324018628e+14 7.9348638834207075e-01 1.8371946698136927e+02
1.9959551131824234e+14 7.9378867384007945e-01 1.8570719624912661e+02
1.9972848634243834e+14 7.9409417292912499e-01 1.8769755341823867e+02
1.9986163866666666e+14 7.9439713887763319e-01 1.8969054533442579e+02
("port 2","mode 1",1,"port 1",1,"transmission")
(101, 3)
1.8737028625000000e+14 7.7966889125893057e-01 2.7201092999316270e+00
1.8748746591619766e+14 7.7989054181703632e-01 4.4739907342753709e+00
1.8760479224030038e+14 7.8010705212394860e-01 6.2300675805485408e+00
1.8772226549780841e+14 7.8031947151290393e-01 7.9883483330801823e+00
1.8783988596491231e+14 7.8053084720955390e-01 9.7488390514762262e+00
1.8795765391849531e+14 7.8074410902431146e-01 1.1511542498180836e+01
1.8807556963613553e+14 7.8096028025409814e-01 1.3276459578507955e+01
1.8819363339610800e+14 7.8117827240564885e-01 1.5043591775749178e+01
1.8831184547738694e+14 7.8139617010297646e-01 1.6812942790296511e+01
1.8843020615964803e+14 7.8161281673672933e-01 1.8584518390050555e+01
1.8854871572327044e+14 7.8182853226986759e-01 2.0358324851267994e+01
1.8866737444933922e+14 7.8204479062759125e-01 2.2134367326419781e+01
1.8878618261964738e+14 7.8226333666872216e-01 2.3912649384472953e+01
1.8890514051669816e+14 7.8248530420810980e-01 2.5693173446062762e+01
1.8902424842370744e+14 7.8271095383933376e-01 2.7475941346395416e+01
1.8914350662460569e+14 7.8293968270190661e-01 2.9260954960178797e+01
1.8926291540404041e+14 7.8316988628768824e-01 3.1048216625256330e+01
1.8938247504737841e+14 7.8339916055794467e-01 3.2837729782647962e+01
1.8950218584070797e+14 7.8362494368128188e-01 3.4629499924702436e+01
1.8962204807084125e+14 7.8384565445500365e-01 3.6423534584986754e+01
1.8974206202531647e+14 7.8406188194329141e-01 3.8219842004437496e+01
1.8986222799240025e+14 7.8427630651804459e-01 4.0018428884762159e+01
1.8998254626109000e+14 7.8449215910951231e-01 4.1819298557951598e+01
1.9010301712111606e+14 7.8471103595212688e-01 4.3622451479166727e+01
1.9022364086294416e+14 7.8493159148114777e-01 4.5427887900686656e+01
1.9034441777777778e+14 7.8515047680196925e-01 4.7235610953861752e+01
1.9046534815756038e+14 7.8536490238186663e-01 4.9045627715108779e+01
1.9058643229497775e+14 7.8557498956138994e-01 5.0857947007218904e+01
1.9070767048346056e+14 7.8578388822340961e-01 5.2672575675251231e+01
1.9082906301718653e+14 7.8599520585671356e-01 5.4489516067018734e+01
1.9095061019108281e+14 7.8620991253676420e-01 5.6308766991913586e+01
1.9107231230082856e+14 7.8642501587755576e-01 5.8130327932271470e+01
1.9119416964285712e+14 7.8663520911097506e-01 5.9954202918086047e+01
1.9131618251435866e+14 7.8683660983295167e-01 6.1780401169409949e+01
1.9143835121328225e+14 7.8702942781948049e-01 6.3608933981727155e+01
1.9156067603833866e+14 7.8721759230440991e-01 6.5439809850164607e+01
1.9168315728900256e+14 7.8740578259846783e-01 6.7273031931495723e+01
1.9180579526551506e+14 7.8759590252171074e-01 6.9108599619283936e+01
1.9192859026888603e+14 7.8778594337893215e-01 7.0946512583545868e+01
1.9205154260089688e+14 7.8797192451520126e-01 7.2786774409601932e+01
1.9217465256410256e+14 7.8815091489273881e-01 7.4629392862356568e+01
1.9229792046183450e+14 7.8832297607370405e-01 7.6474376856150570e+01
1.9242134659820284e+14 7.8849051422453231e-01 7.8321733200757336e+01
1.9254493127809894e+14 7.8865580075298825e-01 8.0171465426959941e+01
1.9266867480719794e+14 7.8881912859829151e-01 8.2023575478146483e+01
1.9279257749196144e+14 7.8897885379857158e-01 8.3878066610375129e+01
1.9291663963963962e+14 7.8913314737271290e-01 8.5734944678749102e+01
1.9304086155827431e+14 7.8928187101418257e-01 8.7594217085400956e+01
1.9316524355670103e+14 7.8942680171413915e-01 8.9455890361855296e+01
1.9328978594455191e+14 7.8957024347856852e-01 9.1319968379021745e+01
1.9341448903225806e+14 7.8971314620831334e-01 9.3186452721472705e+01
1.9353935313105231e+14 7.8985410484914020e-01 9.5055344745596628e+01
1.9366437855297156e+14 7.8998986892604084e-01 9.6926647903464627e+01
1.9378956561085972e+14 7.9011686444224116e-01 9.8800368885703364e+01
1.9391491461837000e+14 7.9023294426105839e-01 1.0067651715663266e+02
1.9404042588996762e+14 7.9033853413208977e-01 1.0255510338055764e+02
1.9416609974093266e+14 7.9043677001368007e-01 1.0443613723614202e+02
1.9429193648736228e+14 7.9053260119033353e-01 1.0631962537220232e+02
1.9441793644617381e+14 7.9063095318517362e-01 1.0820557037033616e+02
1.9454409993510709e+14 7.9073458611916236e-01 1.1009397152343273e+02
1.9467042727272725e+14 7.9084270266837131e-01 1.1198482753978426e+02
1.9479691877842756e+14 7.9095144254516969e-01 1.1387813985359193e+02
1.9492357477243175e+14 7.9105639211719769e-01 1.1577391467215602e+02
1.9505039557579700e+14 7.9115547676910014e-01 1.1767216210930256e+02
1.9517738151041666e+14 7.9125043145662466e-01 1.1957289254218954e+02
1.9530453289902281e+14 7.9134573199790514e-01 1.2147611303137533e+02
1.9543185006518903e+14 7.9144554004491019e-01 1.2338182615286858e+02
1.9555933333333334e+14 7.9155131583217531e-01 1.2529003198968132e+02
1.9568698302872062e+14 7.9166160536022767e-01 1.2720073178544443e+02
1.9581479947746572e+14 7.9177396746322093e-01 1.2911392980364298e+02
1.9594278300653594e+14 7.9188733257411792e-01 1.3102963256284909e+02
1.9607093394375406e+14 7.9200231422003908e-01 1.3294784637914594e+02
1.9619925261780103e+14 7.9211988729682836e-01 1.3486857560612913e+02
1.9632773935821875e+14 7.9223976505887317e-01 1.3679182380391615e+02
1.9645639449541284e+14 7.9236019984569106e-01 1.3871759603289757e+02
1.9658521836065575e+14 7.9247987962850053e-01 1.4064590014514187e+02
1.9671421128608925e+14 7.9259990409779146e-01 1.4257674543848935e+02
1.9684337360472750e+14 7.9272426054138967e-01 1.4451013954388870e+02
1.9697270565045991e+14 7.9285788895416143e-01 1.4644608631033680e+02
1.9710220775805394e+14 7.9300407263611228e-01 1.4838458580479528e+02
1.9723188026315788e+14 7.9316318496571547e-01 1.5032563698210649e+02
1.9736172350230416e+14 7.9333291840153397e-01 1.5226924043473196e+02
1.9749173781291172e+14 7.9350998152403973e-01 1.5421539951408187e+02
1.9762192353328938e+14 7.9369154842701783e-01 1.5616412031947499e+02
1.9775228100263853e+14 7.9387604103922915e-01 1.5811541072743674e+02
1.9788281056105609e+14 7.9406374127332424e-01 1.6006927946612151e+02
1.9801351254953766e+14 7.9425710692329632e-01 1.6202573468398441e+02
1.9814438730998019e+14 7.9446048726930674e-01 1.6398478198328218e+02
1.9827543518518519e+14 7.9467832392820503e-01 1.6594642297456539e+02
1.9840665651886169e+14 7.9491261290864346e-01 1.6791065580270376e+02
1.9853805165562916e+14 7.9516138949658366e-01 1.6987747834505501e+02
1.9866962094102053e+14 7.9541979561801746e-01 1.7184689200173355e+02
1.9880136472148541e+14 7.9568318072033173e-01 1.7381890313780588e+02
1.9893328334439284e+14 7.9594977897363794e-01 1.7579352065632011e+02
1.9906537715803453e+14 7.9622073706863639e-01 1.7777075211455144e+02
1.9919764651162791e+14 7.9649747845933605e-01 1.7975060186793885e+02
1.9933009175531912e+14 7.9677949009640348e-01 1.8173307292404539e+02
1.9946271324018628e+14 7.9706478603831465e-01 1.8371817041515141e+02
1.9959551131824234e+14 7.9735273205119128e-01 1.8570590226425409e+02
1.9972848634243834e+14 7.9764598065483239e-01 1.8769627589905915e+02
1.9986163866666666e+14 7.9794869255949930e-01 1.8968929386844786e+02
("port 2","mode 1",1,"port 2",1,"transmission")
(101, 3)
1.8737028625000000e+14 1.3901837476140586e-04 1.7132995847202874e+00
1.8748746591619766e+14 1.3887277444286922e-04 -1.1016764978500977e+00
1.8760479224030038e+14 1.3805496893555725e-04 -3.9080012016284726e+00
1.8772226549780841e+14 1.3875597405927425e-04 -6.7072463758951715e+00
1.8783988596491231e+14 1.3839359192508230e-04 -9.5143082687391818e+00
1.8795765391849531e+14 1.3759026464971636e-04 -1.2303412712487333e+01
1.8807556963613553e+14 1.3802314255662308e-04 -1.5093057047738055e+01
1.8819363339610800e+14 1.3776918288331644e-04 -1.7879803021687668e+01
1.8831184547738694e+14 1.3766762468625992e-04 -2.0661843730418692e+01
1.8843020615964803e+14 1.3735805107155217e-04 -2.3437491398994531e+01
1.8854871572327044e+14 1.3742738334792231e-04 -2.6212102855107066e+01
1.8866737444933922e+14 1.3678898073914988e-04 -2.8977218970212409e+01
1.8878618261964738e+14 1.3739593816516953e-04 -3.1742658192785054e+01
1.8890514051669816e+14 1.3650686489821321e-04 -3.4502197503294276e+01
1.8902424842370744e+14 1.3682546998155433e-04 -3.7256733249523400e+01
1.8914350662460569e+14 1.3614301945602658e-04 -4.0005928772375945e+01
1.8926291540404041e+14 1.3662404731633299e-04 -4.2751833248500965e+01
1.8938247504737841e+14 1.3602032891245219e-04 -4.5494851873973914e+01
1.8950218584070797e+14 1.3598851303733080e-04 -4.8230185923404129e+01
1.8962204807084125e+14 1.3591292713853670e-04 -5.0964075832483218e+01
1.8974206202531647e+14 1.3527821601487273e-04 -5.3691971887299779e+01
1.8986222799240025e+14 1.3553202706309152e-04 -5.6412425797676313e+01
1.8998254626109000e+14 1.3511486669182582e-04 -5.9135136181325883e+01
1.9010301712111606e+14 1.3485838988437355e-04 -6.1845423684763666e+01
1.9022364086294416e+14 1.3492747047909236e-04 -6.4556629846291074e+01
1.9034441777777778e+14 1.3463011598151444e-04 -6.7261751029208085e+01
1.9046534815756038e+14 1.3441112928259960e-04 -6.9962341294998197e+01
1.9058643229497775e+14 1.3436419984939806e-04 -7.2656869048280868e+01
1.9070767048346056e+14 1.3415423517635684e-04 -7.5352309831429636e+01
1.9082906301718653e+14 1.3358655861239925e-04 -7.8033868192132758e+01
1.9095061019108281e+14 1.3398990958280956e-04 -8.0720601932904344e+01
1.9107231230082856e+14 1.3297409033245471e-04 -8.3394222989581976e+01
1.9119416964285712e+14 1.3345241823466844e-04 -8.6067774565236249e+01
1.9131618251435866e+14 1.3311993088831254e-04 -8.8733557869803533e+01
1.9143835121328225e+14 1.3326626483475059e-04 -9.1401898369337715e+01
1.9156067603833866e+14 1.3268798781237087e-04 -9.4058129245917101e+01
1.9168315728900256e+14 1.3254695359922147e-04 -9.6714385165105085e+01
1.9180579526551506e+14 1.3231502472592298e-04 -9.9359864736257606e+01
1.9192859026888603e+14 1.3257238089833980e-04 -1.0200731296726723e+02
1.9205154260089688e+14 1.3183771216908715e-04 -1.0464823496168317e+02
1.9217465256410256e+14 1.3213018041335081e-04 -1.0727895859823262e+02
1.9229792046183450e+14 1.3191733325624791e-04 -1.0991440629464520e+02
1.9242134659820284e+14 1.3209075062819178e-04 -1.1253802654880157e+02
1.9254493127809894e+14 1.3130963058880394e-04 -1.1516357562061999e+02
1.9266867480719794e+14 1.3160462112408504e-04 -1.1777545655796517e+02
1.9279257749196144e+14 1.3113453797756769e-04 -1.2038895105168835e+02
1.9291663963963962e+14 1.3137869193665056e-04 -1.2299713400022569e+02
1.9304086155827431e+14 1.3089380912537516e-04 -1.2559427663023334e+02
1.9316524355670103e+14 1.3152061547361846e-04 -1.2819968839026865e+02
1.9328978594455191e+14 1.3063617805958509e-04 -1.3078627302297019e+02
1.9341448903225806e+14 1.3095768584800554e-04 -1.3337979654060112e+02
1.9353935313105231e+14 1.3088335677155849e-04 -1.3595813061250530e+02
1.9366437855297156e+14 1.3032539995760388e-04 -1.3854223770427993e+02
1.9378956561085972e+14 1.3084117651481777e-04 -1.4110953173412912e+02
1.9391491461837000e+14 1.3027142174053545e-04 -1.4368276788092510e+02
1.9404042588996762e+14 1.3093718068247175e-04 -1.4624586247981122e+02
1.9416609974093266e+14 1.2994138815050963e-04 -1.4880636332635549e+02
1.9429193648736228e+14 1.3065571485746421e-04 -1.5135814456404694e+02
1.9441793644617381e+14 1.3054541536910712e-04 -1.5391152647988386e+02
1.9454409993510709e+14 1.2992662083683844e-04 -1.5645708529407005e+02
1.9467042727272725e+14 1.3044897180759359e-04 -1.5899267170173005e+02
1.9479691877842756e+14 1.3009784862490236e-04 -1.6153335244516504e+02
1.9492357477243175e+14 1.3023330983838130e-04 -1.6405971972674544e+02
1.9505039557579700e+14 1.3015381459430221e-04 -1.6658820712824152e+02
1.9517738151041666e+14 1.3014896479053068e-04 -1.6910838710549956e+02
1.9530453289902281e+14 1.2994066124756562e-04 -1.7162384857362630e+02
1.9543185006518903e+14 1.3027423689448913e-04 -1.7413490632776799e+02
1.9555933333333334e+14 1.2995775961614797e-04 -1.7664257332053845e+02
1.9568698302872062e+14 1.3002968578981774e-04 -1.7914358481432566e+02
1.9581479947746572e+14 1.2977885749546327e-04 -1.8163700025340731e+02
1.9594278300653594e+14 1.3055805375770528e-04 -1.8413235065432758e+02
1.9607093394375406e+14 1.2955110216063558e-04 -1.8661794055292694e+02
1.9619925261780103e+14 1.3039585917250547e-04 -1.8909885437970075e+02
1.9632773935821875e+14 1.2993523651556960e-04 -1.9157827308258680e+02
1.9645639449541284e+14 1.2985646507060553e-04 -1.9404855091531849e+02
1.9658521836065575e+14 1.3018396725041417e-04 -1.9651559791038787e+02
1.9671421128608925e+14 1.2982121332046195e-04 -1.9897908996581364e+02
1.9684337360472750e+14 1.2996228770997286e-04 -2.0143596984157722e+02
1.9697270565045991e+14 1.2973487094924166e-04 -2.0388659703974176e+02
1.9710220775805394e+14 1.2994776329279588e-04 -2.0633526832114410e+02
1.9723188026315788e+14 1.2985649315399057e-04 -2.0877693261070198e+02
1.9736172350230416e+14 1.2963630134586921e-04 -2.1121534217526488e+02
1.9749173781291172e+14 1.2980431460855502e-04 -2.1364531905784617e+02
1.9762192353328938e+14 1.2974112471402001e-04 -2.1607653026757924e+02
1.9775228100263853e+14 1.2914612288221150e-04 -2.1849552031350493e+02
1.9788281056105609e+14 1.2968197870847145e-04 -2.2091220990264802e+02
1.9801351254953766e+14 1.2950825559529088e-04 -2.2332488323811310e+02
1.9814438730998019e+14 1.2929601550813066e-04 -2.2573666128427553e+02
1.9827543518518519e+14 1.2893068722875643e-04 -2.2813202380190967e+02
1.9840665651886169e+14 1.2906966334881893e-04 -2.3053347051723125e+02
1.9853805165562916e+14 1.2890698022933062e-04 -2.3292355970531005e+02
1.9866962094102053e+14 1.2820692534245832e-04 -2.3531048485927047e+02
1.9880136472148541e+14 1.2869239877741798e-04 -2.3768990332526721e+02
1.9893328334439284e+14 1.2799783599949215e-04 -2.4006760538692367e+02
1.9906537715803453e+14 1.2829208943067419e-04 -2.4243695382013024e+02
1.9919764651162791e+14 1.2765405395069606e-04 -2.4480674437580663e+02
1.9933009175531912e+14 1.2753130640958730e-04 -2.4716148662931209e+02
1.9946271324018628e+14 1.2724739742050011e-04 -2.4952205864625699e+02
1.9959551131824234e+14 1.2703936236780212e-04 -2.5186701441289128e+02
1.9972848634243834e+14 1.2678483807967698e-04 -2.5421391588532802e+02
1.9986163866666666e+14 1.2653922899494508e-04 -2.5655568165514535e+02
