["port 1","LEFT"]
["port 2","RIGHT"]
("port 1","mode 1",1,"port 1",1,"transmission")
(101, 3)
1.8737028625000000e+14 3.4807891800800620e-05 -2.8837059544374488e-01
1.8748746591619766e+14 3.5217032956306214e-05 -2.8137833716148281e-01
1.8760479224030038e+14 3.5436811854738612e-05 -2.3807947191881562e-01
1.8772226549780841e+14 3.5209875796050151e-05 -2.0390254325223831e-01
1.8783988596491231e+14 3.6215201870416513e-05 -1.6990864973422465e-01
1.8795765391849531e+14 3.5377487441761735e-05 -1.1488991866397461e-01
1.8807556963613553e+14 3.5933093408893626e-05 -7.1167039626515591e-02
1.8819363339610800e+14 3.4613153378883659e-05 -5.2755057920437450e-02
1.8831184547738694e+14 3.5197581644454919e-05 4.7330013160358530e-04
1.8843020615964803e+14 3.5213458862060697e-05 -2.4184440590042478e-02
1.8854871572327044e+14 3.6034837479056177e-05 8.8105070594904619e-02
1.8866737444933922e+14 3.5389622830876787e-05 7.0082512452837697e-02
1.8878618261964738e+14 3.5342027816805853e-05 1.4733900005891618e-01
1.8890514051669816e+14 3.6197537241277906e-05 1.6736971685440508e-01
1.8902424842370744e+14 3.4267730736121585e-05 2.1379482754735712e-01
1.8914350662460569e+14 3.5920781720398660e-05 2.3927201902606149e-01
1.8926291540404041e+14 3.4886012779642983e-05 2.5048208829943319e-01
1.8938247504737841e+14 3.6704439147127259e-05 3.3019804450269458e-01
1.8950218584070797e+14 3.5527065326078579e-05 3.6440932304966833e-01
1.8962204807084125e+14 3.4270258686392472e-05 4.1478603897175159e-01
1.8974206202531647e+14 3.5483484241972223e-05 4.0145723142289658e-01
1.8986222799240025e+14 3.4868489373828122e-05 4.5568716717176577e-01
1.8998254626109000e+14 3.6171866608852451e-05 4.9518772165787911e-01
1.9010301712111606e+14 3.5490105662304970e-05 5.2844923212734329e-01
1.9022364086294416e+14 3.5702178913454193e-05 5.9507889646261369e-01
1.9034441777777778e+14 3.5474383002318465e-05 6.1274436807953014e-01
1.9046534815756038e+14 3.4402696609844854e-05 6.5027668307800934e-01
1.9058643229497775e+14 3.6394911142803422e-05 6.7446441921864053e-01
1.9070767048346056e+14 3.4900423622685455e-05 7.3164922775068819e-01
1.9082906301718653e+14 3.5364091769140371e-05 7.6422353431763512e-01
1.9095061019108281e+14 3.5683525230853436e-05 7.7340076080486597e-01
1.9107231230082856e+14 3.5740070614497804e-05 8.5631374034596119e-01
1.9119416964285712e+14 3.5629347832453494e-05 8.7734362665361065e-01
1.9131618251435866e+14 3.4787058423476612e-05 9.1078613615063275e-01
1.9143835121328225e+14 3.5767340750037214e-05 9.5448657042241858e-01
1.9156067603833866e+14 3.5311193813686964e-05 9.6872942267690643e-01
1.9168315728900256e+14 3.5811544296558522e-05 1.0484693057412493e+00
1.9180579526551506e+14 3.5232044986839148e-05 1.0561500655072942e+00
1.9192859026888603e+14 3.5164119790064984e-05 1.1122171294686396e+00
1.9205154260089688e+14 3.5126670207140601e-05 1.1317829291598025e+00
1.9217465256410256e+14 3.5675719377633458e-05 1.1676850737041040e+00
1.9229792046183450e+14 3.5126718397945572e-05 1.2226387718222818e+00
1.9242134659820284e+14 3.5726902052836740e-05 1.2450784940382313e+00
1.9254493127809894e+14 3.5213072460171750e-05 1.2884783663753447e+00
1.9266867480719794e+14 3.5619154132374804e-05 1.3405024047301339e+00
1.9279257749196144e+14 3.5297846785001016e-05 1.3535233965125528e+00
1.9291663963963962e+14 3.5247845402234623e-05 1.4152201519993639e+00
1.9304086155827431e+14 3.5808048408928735e-05 1.4411251368672076e+00
1.9316524355670103e+14 3.4823161695841716e-05 1.4731162095115655e+00
1.9328978594455191e+14 3.6086005563283117e-05 1.5394414023772460e+00
1.9341448903225806e+14 3.4584038142388085e-05 1.5425548714044821e+00
1.9353935313105231e+14 3.5272468079907805e-05 1.5939771545486001e+00
1.9366437855297156e+14 3.6474197540780605e-05 1.6206272730368856e+00
1.9378956561085972e+14 3.5024908730479844e-05 1.6867029137255662e+00
1.9391491461837000e+14 3.5918010137445364e-05 1.7264176375630542e+00
1.9404042588996762e+14 3.4947521794903309e-05 1.7386503985542290e+00
1.9416609974093266e+14 3.5319660283824150e-05 1.8063769612541944e+00
1.9429193648736228e+14 3.5689976033775940e-05 1.8121527604236658e+00
1.9441793644617381e+14 3.5151916804258517e-05 1.8755464499360290e+00
1.9454409993510709e+14 3.5643858367695103e-05 1.9103318025312748e+00
1.9467042727272725e+14 3.5230307641562676e-05 1.9363119888492666e+00
1.9479691877842756e+14 3.5553391080276551e-05 1.9877291572672526e+00
1.9492357477243175e+14 3.5567816116916553e-05 2.0288761094942065e+00
1.9505039557579700e+14 3.5419086089092229e-05 2.0562200565363602e+00
1.9517738151041666e+14 3.5133985129782332e-05 2.1142503182683567e+00
1.9530453289902281e+14 3.5882019062795816e-05 2.1350787784411174e+00
1.9543185006518903e+14 3.4779978362197620e-05 2.1675631705566643e+00
1.9555933333333334e+14 3.6738838573089467e-05 2.2452496107338615e+00
1.9568698302872062e+14 3.4527389214548581e-05 2.2542939772602479e+00
1.9581479947746572e+14 3.4844659509700331e-05 2.3136151582489006e+00
1.9594278300653594e+14 3.5944853469601151e-05 2.3174437972088233e+00
1.9607093394375406e+14 3.4731723476335518e-05 2.3679227604454893e+00
1.9619925261780103e+14 3.6559396621961382e-05 2.4323291786582919e+00
1.9632773935821875e+14 3.5147961938281201e-05 2.4474138566860182e+00
1.9645639449541284e+14 3.4989372479687068e-05 2.5184137816358505e+00
1.9658521836065575e+14 3.5771461334870472e-05 2.5279397103196160e+00
1.9671421128608925e+14 3.4738458154340860e-05 2.5649418321132802e+00
1.9684337360472750e+14 3.5922840036377142e-05 2.6250768802168865e+00
1.9697270565045991e+14 3.5707417397007754e-05 2.6466120042397758e+00
1.9710220775805394e+14 3.4929449479714872e-05 2.7125217346302835e+00
1.9723188026315788e+14 3.5239838913064409e-05 2.7330148926974802e+00
1.9736172350230416e+14 3.5740557403106473e-05 2.7503131860102359e+00
1.9749173781291172e+14 3.5590861536690462e-05 2.8358576377217144e+00
1.9762192353328938e+14 3.5758769820267576e-05 2.8659366665464625e+00
1.9775228100263853e+14 3.4688362325211606e-05 2.8910356347570589e+00
1.9788281056105609e+14 3.5160322188567318e-05 2.9472886745407680e+00
1.9801351254953766e+14 3.5611970642999531e-05 2.9552061400348659e+00
1.9814438730998019e+14 3.5197499295322916e-05 3.0105113003884014e+00
1.9827543518518519e+14 3.6049416824871067e-05 3.0681566009323524e+00
1.9840665651886169e+14 3.5697671434331712e-05 3.0917606735451453e+00
1.9853805165562916e+14 3.4631785778181469e-05 3.1566745737396102e+00
1.9866962094102053e+14 3.6045985248569319e-05 3.1758642066330318e+00
1.9880136472148541e+14 3.4597087752197409e-05 3.2092298400032719e+00
1.9893328334439284e+14 3.5949169292017786e-05 3.2650058912655657e+00
1.9906537715803453e+14 3.5381976746590495e-05 3.3020787577796353e+00
1.9919764651162791e+14 3.5318615986335402e-05 3.3364504023192878e+00
1.9933009175531912e+14 3.5308089684275009e-05 3.3927334151131086e+00
1.9946271324018628e+14 3.5519723675923585e-05 3.4151353224644421e+00
1.9959551131824234e+14 3.5340340334564584e-05 3.4543223966888053e+00
1.9972848634243834e+14 3.5735410913790783e-05 3.5187824730412194e+00
1.9986163866666666e+14 3.5712103078723386e-05 3.5455519583819068e+00
("port 1","mode 1",1,"port 2",1,"transmission")
(101, 3)
1.8737028625000000e+14 7.8390899536273895e-01 -2.2785223967062396e+00
1.8748746591619766e+14 7.8408880508665268e-01 -4.4215444734358816e-01
1.8760479224030038e+14 7.8428734589646287e-01 1.3965165435417899e+00
1.8772226549780841e+14 7.8450150884131542e-01 3.2374753655014517e+00
1.8783988596491231e+14 7.8471752761549485e-01 5.0807166685346594e+00
1.8795765391849531e+14 7.8492118425151669e-01 6.9262517941828552e+00
1.8807556963613553e+14 7.8510794377663240e-01 8.7741025365423759e+00
1.8819363339610800e+14 7.8528526481525995e-01 1.0624287376870504e+01
1.8831184547738694e+14 7.8546556711890869e-01 1.2476811665272923e+01
1.8843020615964803e+14 7.8565628184484293e-01 1.4331668628505597e+01
1.8854871572327044e+14 7.8585519240987778e-01 1.6188849397610792e+01
1.8866737444933922e+14 7.8605355537645361e-01 1.8048353008590336e+01
1.8878618261964738e+14 7.8624343190866341e-01 1.9910188489924661e+01
1.8890514051669816e+14 7.8642287613152284e-01 2.1774369494123896e+01
1.8902424842370744e+14 7.8659541579726022e-01 2.3640907086071248e+01
1.8914350662460569e+14 7.8676604161706165e-01 2.5509806413247514e+01
1.8926291540404041e+14 7.8693763262661487e-01 2.7381068494673059e+01
1.8938247504737841e+14 7.8711013400446661e-01 2.9254693701883035e+01
1.8950218584070797e+14 7.8728177183480930e-01 3.1130684140608651e+01
1.8962204807084125e+14 7.8745019145223549e-01 3.3009044123477651e+01
1.8974206202531647e+14 7.8761347690819916e-01 3.4889779798853027e+01
1.8986222799240025e+14 7.8777124513177188e-01 3.6772898802142969e+01
1.8998254626109000e+14 7.8792539999325484e-01 3.8658408380437898e+01
1.9010301712111606e+14 7.8807950001831395e-01 4.0546312433421065e+01
1.9022364086294416e+14 7.8823555199679141e-01 4.2436610261359604e+01
1.9034441777777778e+14 7.8839058628240433e-01 4.4329299531668916e+01
1.9046534815756038e+14 7.8853677842485848e-01 4.6224383052068440e+01
1.9058643229497775e+14 7.8866656817612590e-01 4.8121873190518500e+01
1.9070767048346056e+14 7.8877973718871952e-01 5.0021788672065334e+01
1.9082906301718653e+14 7.8888544483686296e-01 5.1924144622107832e+01
1.9095061019108281e+14 7.8899641194946668e-01 5.3828943217418988e+01
1.9107231230082856e+14 7.8911933126335509e-01 5.5736174555545986e+01
1.9119416964285712e+14 7.8924925155678649e-01 5.7645827827189784e+01
1.9131618251435866e+14 7.8937371500598696e-01 5.9557903364758310e+01
1.9143835121328225e+14 7.8948299032420310e-01 6.1472415428111717e+01
1.9156067603833866e+14 7.8957717297005126e-01 6.3389383013883020e+01
1.9168315728900256e+14 7.8966427048015997e-01 6.5308817837198134e+01
1.9180579526551506e+14 7.8975157643796234e-01 6.7230720652786829e+01
1.9192859026888603e+14 7.8983926941443672e-01 6.9155088225825935e+01
1.9205154260089688e+14 7.8992215071786775e-01 7.1081923041423707e+01
1.9217465256410256e+14 7.8999677638573895e-01 7.3011235508931975e+01
1.9229792046183450e+14 7.9006586062504236e-01 7.4943037243702889e+01
1.9242134659820284e+14 7.9013529420499951e-01 7.6877333308389467e+01
1.9254493127809894e+14 7.9020773042690784e-01 7.8814122371435602e+01
1.9266867480719794e+14 7.9027993154279186e-01 8.0753404534353706e+01
1.9279257749196144e+14 7.9034705737794897e-01 8.2695187394276516e+01
1.9291663963963962e+14 7.9040916462230393e-01 8.4639483668781594e+01
1.9304086155827431e+14 7.9047221903679910e-01 8.6586302990198746e+01
1.9316524355670103e+14 7.9054267255001665e-01 8.8535646964370841e+01
1.9328978594455191e+14 7.9062197177931748e-01 9.0487513266486118e+01
1.9341448903225806e+14 7.9070720221299373e-01 9.2441903521607941e+01
1.9353935313105231e+14 7.9079698583398328e-01 9.4398825043319192e+01
1.9366437855297156e+14 7.9089505426662376e-01 9.6358284173387531e+01
1.9378956561085972e+14 7.9100598396866317e-01 9.8320279530590184e+01
1.9391491461837000e+14 7.9112734244205307e-01 1.0028480469949815e+02
1.9404042588996762e+14 7.9124818075881020e-01 1.0225185975019859e+02
1.9416609974093266e+14 7.9135764568180245e-01 1.0422145957670841e+02
1.9429193648736228e+14 7.9145605269552577e-01 1.0619362795718854e+02
1.9441793644617381e+14 7.9155659922485544e-01 1.0816838101778447e+02
1.9454409993510709e+14 7.9167433786881003e-01 1.1014571635525742e+02
1.9467042727272725e+14 7.9181259011506233e-01 1.1212561957367555e+02
1.9479691877842756e+14 7.9196072587790534e-01 1.1410808278207948e+02
1.9492357477243175e+14 7.9210569079884607e-01 1.1609311655913667e+02
1.9505039557579700e+14 7.9224567754123731e-01 1.1808074280633714e+02
1.9517738151041666e+14 7.9239203167312533e-01 1.2007097639643393e+02
1.9530453289902281e+14 7.9255745801415511e-01 1.2206381489629082e+02
1.9543185006518903e+14 7.9274357166183951e-01 1.2405924640226947e+02
1.9555933333333334e+14 7.9294110069529722e-01 1.2605726656487536e+02
1.9568698302872062e+14 7.9314142578765634e-01 1.2805788584804768e+02
1.9581479947746572e+14 7.9334611868682425e-01 1.3006111922464666e+02
1.9594278300653594e+14 7.9356366609616602e-01 1.3206697120945992e+02
1.9607093394375406e+14 7.9379692005198654e-01 1.3407543398247302e+02
1.9619925261780103e+14 7.9403633467704315e-01 1.3608650130737510e+02
1.9632773935821875e+14 7.9426760051346101e-01 1.3810018322721368e+02
1.9645639449541284e+14 7.9448599376795392e-01 1.4011650408032722e+02
1.9658521836065575e+14 7.9470222964377124e-01 1.4213548477558624e+02
1.9671421128608925e+14 7.9493280235319197e-01 1.4415712761384890e+02
1.9684337360472750e+14 7.9518476511284331e-01 1.4618141916014011e+02
1.9697270565045991e+14 7.9545036394384472e-01 1.4820834802895504e+02
1.9710220775805394e+14 7.9571604701622001e-01 1.5023791860212822e+02
1.9723188026315788e+14 7.9597550324127597e-01 1.5227014780720103e+02
1.9736172350230416e+14 7.9623299556962335e-01 1.5430505061672349e+02
1.9749173781291172e+14 7.9649551199509527e-01 1.5634263108351391e+02
1.9762192353328938e+14 7.9676407444199415e-01 1.5838288738153844e+02
1.9775228100263853e+14 7.9703443422420572e-01 1.6042582215524558e+02
1.9788281056105609e+14 7.9730478766501012e-01 1.6247144484538435e+02
1.9801351254953766e+14 7.9757954691354960e-01 1.6451976283392864e+02
1.9814438730998019e+14 7.9786359511358107e-01 1.6657077349913064e+02
1.9827543518518519e+14 7.9815290464345845e-01 1.6862446856774980e+02
1.9840665651886169e+14 7.9843342542003037e-01 1.7068084778820963e+02
1.9853805165562916e+14 7.9869099536391963e-01 1.7273992777281271e+02
1.9866962094102053e+14 7.9892308419084879e-01 1.7480173528028885e+02
1.9880136472148541e+14 7.9914066239066484e-01 1.7686629099198453e+02
1.9893328334439284e+14 7.9935834400855998e-01 1.7893359897579950e+02
1.9906537715803453e+14 7.9958273287570369e-01 1.8100365137730293e+02
1.9919764651162791e+14 7.9980935904434303e-01 1.8307644197754243e+02
1.9933009175531912e+14 8.0002998450089480e-01 1.8515197504238890e+02
1.9946271324018628e+14 8.0024113927416995e-01 1.8723026279115703e+02
1.9959551131824234e+14 8.0044569155300338e-01 1.8931131567861553e+02
1.9972848634243834e+14 8.0064757655875607e-01 1.9139513687187946e+02
1.9986163866666666e+14 8.0084592178591185e-01 1.9348172564611204e+02
("port 2","mode 1",1,"port 1",1,"transmission")
(101, 3)
1.8737028625000000e+14 7.8725087325602383e-01 -2.2791891027897728e+00
1.8748746591619766e+14 7.8746020076232903e-01 -4.4288249230335419e-01
1.8760479224030038e+14 7.8765051737624248e-01 1.3957175337796397e+00
1.8772226549780841e+14 7.8782531485096308e-01 3.2366337507732785e+00
1.8783988596491231e+14 7.8799786864942256e-01 5.0798787924594313e+00
1.8795765391849531e+14 7.8818113088688069e-01 6.9254494413191470e+00
1.8807556963613553e+14 7.8837851446532137e-01 8.7733331772933827e+00
1.8819363339610800e+14 7.8858245105384250e-01 1.0623521240166889e+01
1.8831184547738694e+14 7.8878116780514540e-01 1.2476017336391198e+01
1.8843020615964803e+14 7.8896763834272510e-01 1.4330836068582011e+01
1.8854871572327044e+14 7.8914352495983398e-01 1.6187993717015516e+01
1.8866737444933922e+14 7.8931624581061133e-01 1.8047499575587988e+01
1.8878618261964738e+14 7.8949258435091996e-01 1.9909354297186372e+01
1.8890514051669816e+14 7.8967422476122251e-01 2.1773554418763840e+01
1.8902424842370744e+14 7.8985808891749421e-01 2.3640098293047199e+01
1.8914350662460569e+14 7.9003941520785070e-01 2.5508989178823388e+01
1.8926291540404041e+14 7.9021458705886705e-01 2.7380234233110453e+01
1.8938247504737841e+14 7.9038236319269206e-01 2.9253842058277453e+01
1.8950218584070797e+14 7.9054363811160966e-01 3.1129820658786944e+01
1.8962204807084125e+14 7.9070077501239644e-01 3.3008176050226020e+01
1.8974206202531647e+14 7.9085619920282002e-01 3.4888911601220300e+01
1.8986222799240025e+14 7.9101036761495525e-01 3.6772028323362072e+01
1.8998254626109000e+14 7.9116066047198164e-01 3.8657527694785713e+01
1.9010301712111606e+14 7.9130248711745454e-01 4.0545415641422935e+01
1.9022364086294416e+14 7.9143325739041104e-01 4.2435703564510256e+01
1.9034441777777778e+14 7.9155619164387636e-01 4.4328404365273208e+01
1.9046534815756038e+14 7.9167960713115915e-01 4.6223525025359429e+01
1.9058643229497775e+14 7.9181107665062900e-01 4.8121062395389934e+01
1.9070767048346056e+14 7.9195034470720527e-01 5.0021007371047240e+01
1.9082906301718653e+14 7.9208786317187130e-01 5.1923355331819870e+01
1.9095061019108281e+14 7.9221116363302202e-01 5.3828114879610190e+01
1.9107231230082856e+14 7.9231423609245832e-01 5.5735305995058134e+01
1.9119416964285712e+14 7.9240253895617285e-01 5.7644948686782577e+01
1.9131618251435866e+14 7.9248846489402092e-01 5.9557052061751818e+01
1.9143835121328225e+14 7.9258131369342222e-01 6.1471612417783689e+01
1.9156067603833866e+14 7.9268108767778589e-01 6.3388622047040876e+01
1.9168315728900256e+14 7.9278082182895415e-01 6.5308080215405184e+01
1.9180579526551506e+14 7.9287457746024925e-01 6.7229996010950813e+01
1.9192859026888603e+14 7.9296296153258272e-01 6.9154381710542509e+01
1.9205154260089688e+14 7.9305121246935095e-01 7.1081244294387716e+01
1.9217465256410256e+14 7.9314277707613978e-01 7.3010583986631886e+01
1.9229792046183450e+14 7.9323563827019206e-01 7.4942400336902566e+01
1.9242134659820284e+14 7.9332535203693855e-01 7.6876698578330064e+01
1.9254493127809894e+14 7.9341077721615649e-01 7.8813489153213794e+01
1.9266867480719794e+14 7.9349587837590418e-01 8.0752780891348181e+01
1.9279257749196144e+14 7.9358558907533006e-01 8.2694575929223362e+01
1.9291663963963962e+14 7.9368036366772599e-01 8.4638872176483162e+01
1.9304086155827431e+14 7.9377572768590776e-01 8.6585670666799345e+01
1.9316524355670103e+14 7.9386707116119581e-01 8.8534979457575389e+01
1.9328978594455191e+14 7.9395421275295874e-01 9.0486809457713036e+01
1.9341448903225806e+14 7.9404055975855625e-01 9.2441167717171723e+01
1.9353935313105231e+14 7.9412774813204934e-01 9.4398056526478413e+01
1.9366437855297156e+14 7.9421294446976043e-01 9.6357479492695461e+01
1.9378956561085972e+14 7.9429322120124846e-01 9.8319447394747655e+01
1.9391491461837000e+14 7.9437241527537250e-01 1.0028397522522596e+02
1.9404042588996762e+14 7.9446197830274445e-01 1.0225107122447696e+02
1.9416609974093266e+14 7.9457287535387122e-01 1.0422072951630869e+02
1.9429193648736228e+14 7.9470544410429345e-01 1.0619293620100014e+02
1.9441793644617381e+14 7.9484785548293291e-01 1.0816768482697442e+02
1.9454409993510709e+14 7.9498642196582214e-01 1.1014498617189182e+02
1.9467042727272725e+14 7.9511844050723512e-01 1.1212486211247851e+02
1.9479691877842756e+14 7.9525437097137930e-01 1.1410732866680962e+02
1.9492357477243175e+14 7.9540705814269375e-01 1.1609238466717666e+02
1.9505039557579700e+14 7.9557885731098266e-01 1.1808001789576832e+02
1.9517738151041666e+14 7.9575957869487779e-01 1.2007022218958568e+02
1.9530453289902281e+14 7.9593714039219265e-01 1.2206300764722056e+02
1.9543185006518903e+14 7.9610942194812928e-01 1.2405839372370107e+02
1.9555933333333334e+14 7.9628490999627310e-01 1.2605639338704006e+02
1.9568698302872062e+14 7.9647210339784158e-01 1.2805700587069325e+02
1.9581479947746572e+14 7.9666994805635438e-01 1.3006022546848476e+02
1.9594278300653594e+14 7.9687025819467228e-01 1.3206605564858603e+02
1.9607093394375406e+14 7.9706934726463041e-01 1.3407451182636564e+02
1.9619925261780103e+14 7.9727509595029589e-01 1.3608560888207779e+02
1.9632773935821875e+14 7.9750061318107934e-01 1.3809934682665013e+02
1.9645639449541284e+14 7.9775054586753313e-01 1.4011571156852111e+02
1.9658521836065575e+14 7.9801448575929135e-01 1.4213469116435209e+02
1.9671421128608925e+14 7.9827538386716279e-01 1.4415629106187319e+02
1.9684337360472750e+14 7.9852442719312078e-01 1.4618053287147100e+02
1.9697270565045991e+14 7.9876730737977109e-01 1.4820743781620141e+02
1.9710220775805394e+14 7.9901630809213253e-01 1.5023701242542688e+02
1.9723188026315788e+14 7.9927731948421232e-01 1.5226925013851013e+02
1.9736172350230416e+14 7.9954555036169783e-01 1.5430414526639885e+02
1.9749173781291172e+14 7.9981246660584671e-01 1.5634170302410726e+02
1.9762192353328938e+14 8.0007488361123902e-01 1.5838193545037731e+02
1.9775228100263853e+14 8.0033553679154401e-01 1.6042485102246945e+02
1.9788281056105609e+14 8.0059552404357193e-01 1.6247045133688175e+02
1.9801351254953766e+14 8.0084960835899832e-01 1.6451873900220275e+02
1.9814438730998019e+14 8.0109129459174400e-01 1.6656972631569869e+02
1.9827543518518519e+14 8.0132243477656007e-01 1.6862343245527700e+02
1.9840665651886169e+14 8.0155528089750128e-01 1.7067986995597505e+02
1.9853805165562916e+14 8.0180318164811815e-01 1.7273903456458362e+02
1.9866962094102053e+14 8.0206822667992628e-01 1.7480091093161565e+02
1.9880136472148541e+14 8.0233831515393306e-01 1.7686548914481460e+02
1.9893328334439284e+14 8.0259699422080966e-01 1.7893277650065446e+02
1.9906537715803453e+14 8.0283602338684534e-01 1.8100279345812166e+02
1.9919764651162791e+14 8.0305907379720931e-01 1.8307555915215693e+02
1.9933009175531912e+14 8.0327418848023013e-01 1.8515108133904511e+02
1.9946271324018628e+14 8.0348439378468228e-01 1.8722935920746832e+02
1.9959551131824234e+14 8.0368562335728810e-01 1.8931039427225315e+02
1.9972848634243834e+14 8.0387260938205407e-01 1.9139419623893338e+02
1.9986163866666666e+14 8.0404571182257989e-01 1.9348077900831748e+02
("port 2","mode 1",1,"port 2",1,"transmission")
(101, 3)
1.8737028625000000e+14 1.3736296996502164e-04 -1.6680790596288264e+00
1.8748746591619766e+14 1.3691784302111227e-04 -4.3321572915120221e+00
1.8760479224030038e+14 1.3588662146763356e-04 -6.9609798401931542e+00
1.8772226549780841e+14 1.3708703237072761e-04 -9.6032725507519316e+00
1.8783988596491231e+14 1.3573212821728223e-04 -1.2242208560164517e+01
1.8795765391849531e+14 1.3594816699989497e-04 -1.4863988074344466e+01
1.8807556963613553e+14 1.3505943517692272e-04 -1.7488502851692502e+01
1.8819363339610800e+14 1.3623603472905755e-04 -2.0109025993600007e+01
1.8831184547738694e+14 1.3480114079303843e-04 -2.2717048586871172e+01
1.8843020615964803e+14 1.3627689070838645e-04 -2.5341361894962230e+01
1.8854871572327044e+14 1.3452843812747082e-04 -2.7928532105772280e+01
1.8866737444933922e+14 1.3573036159179338e-04 -3.0550645389471590e+01
1.8878618261964738e+14 1.3519189343874006e-04 -3.3129138350940501e+01
1.8890514051669816e+14 1.3351233073932356e-04 -3.5740321309855076e+01
1.8902424842370744e+14 1.3553166878531336e-04 -3.8303574318421333e+01
1.8914350662460569e+14 1.3303531143414962e-04 -4.0904548827517857e+01
1.8926291540404041e+14 1.3519695531111859e-04 -4.3469480160052328e+01
1.8938247504737841e+14 1.3307910173252359e-04 -4.6043620720927429e+01
1.8950218584070797e+14 1.3508692975930020e-04 -4.8617777259612467e+01
1.8962204807084125e+14 1.3348523519637854e-04 -5.1175143439741682e+01
1.8974206202531647e+14 1.3349542207786641e-04 -5.3742339346412166e+01
1.8986222799240025e+14 1.3376346737774413e-04 -5.6284624876375169e+01
1.8998254626109000e+14 1.3345052266230316e-04 -5.8842702063088822e+01
1.9010301712111606e+14 1.3299327952779602e-04 -6.1388126766388076e+01
1.9022364086294416e+14 1.3279857763163865e-04 -6.3914436279911676e+01
1.9034441777777778e+14 1.3340593755425430e-04 -6.6462224639484162e+01
1.9046534815756038e+14 1.3307511698183391e-04 -6.8986220133110422e+01
1.9058643229497775e+14 1.3223463402755724e-04 -7.1510425026631523e+01
1.9070767048346056e+14 1.3374775645064792e-04 -7.4037386133809136e+01
1.9082906301718653e+14 1.3196714780417117e-04 -7.6543216566570578e+01
1.9095061019108281e+14 1.3279949307077639e-04 -7.9069900754076741e+01
1.9107231230082856e+14 1.3214525298985806e-04 -8.1552911736065994e+01
1.9119416964285712e+14 1.3261432608227175e-04 -8.4073769468105937e+01
1.9131618251435866e+14 1.3281219830500805e-04 -8.6560647537585126e+01
1.9143835121328225e+14 1.3121542653672809e-04 -8.9053463297812328e+01
1.9156067603833866e+14 1.3342016312891286e-04 -9.1539342658367588e+01
1.9168315728900256e+14 1.3199497656585501e-04 -9.4024300627187372e+01
1.9180579526551506e+14 1.3167292122926211e-04 -9.6500543932356507e+01
1.9192859026888603e+14 1.3316644537845091e-04 -9.8967841033083431e+01
1.9205154260089688e+14 1.3146656957670866e-04 -1.0144400711407172e+02
1.9217465256410256e+14 1.3240983236597248e-04 -1.0389954949678389e+02
1.9229792046183450e+14 1.3204073898678362e-04 -1.0635776407080071e+02
1.9242134659820284e+14 1.3212702126224636e-04 -1.0880967886943509e+02
1.9254493127809894e+14 1.3297236161484416e-04 -1.1126347377755073e+02
1.9266867480719794e+14 1.3140697808597748e-04 -1.1369871626081847e+02
1.9279257749196144e+14 1.3258867744958151e-04 -1.1614518402694000e+02
1.9291663963963962e+14 1.3276451265859486e-04 -1.1856831546420304e+02
1.9304086155827431e+14 1.3099079977548677e-04 -1.2100828183291664e+02
1.9316524355670103e+14 1.3397460309708012e-04 -1.2342022051786279e+02
1.9328978594455191e+14 1.3093913613067794e-04 -1.2584256568053884e+02
1.9341448903225806e+14 1.3381783187873644e-04 -1.2826604309210893e+02
1.9353935313105231e+14 1.3157226485876656e-04 -1.3065294651191959e+02
1.9366437855297156e+14 1.3297641000808993e-04 -1.3308240659981192e+02
1.9378956561085972e+14 1.3364556534660704e-04 -1.3546108981628350e+02
1.9391491461837000e+14 1.3065854412505523e-04 -1.3787404425117904e+02
1.9404042588996762e+14 1.3412631421254176e-04 -1.4024291812883916e+02
1.9416609974093266e+14 1.3200216665531212e-04 -1.4263923833963767e+02
1.9429193648736228e+14 1.3263605081675927e-04 -1.4501924195273330e+02
1.9441793644617381e+14 1.3291159750683163e-04 -1.4737777493169347e+02
1.9454409993510709e+14 1.3337123618247117e-04 -1.4976790352414980e+02
1.9467042727272725e+14 1.3234602682285645e-04 -1.5211904803205195e+02
1.9479691877842756e+14 1.3329653504012115e-04 -1.5448421497128086e+02
1.9492357477243175e+14 1.3252073929876978e-04 -1.5683617425901073e+02
1.9505039557579700e+14 1.3240576630005649e-04 -1.5918882919653902e+02
1.9517738151041666e+14 1.3304793960217909e-04 -1.6152237774926493e+02
1.9530453289902281e+14 1.3191752586364151e-04 -1.6387029840044113e+02
1.9543185006518903e+14 1.3410639600302417e-04 -1.6620129175050386e+02
1.9555933333333334e+14 1.3127174005855705e-04 -1.6852587282861288e+02
1.9568698302872062e+14 1.3372500450833897e-04 -1.7086219845693375e+02
1.9581479947746572e+14 1.3272538617610939e-04 -1.7316524382851742e+02
1.9594278300653594e+14 1.3081664043365700e-04 -1.7549972602287409e+02
1.9607093394375406e+14 1.3359090175123182e-04 -1.7778549262567219e+02
1.9619925261780103e+14 1.3042455781292362e-04 -1.8009658913419790e+02
1.9632773935821875e+14 1.3299608758752125e-04 -1.8240111927904985e+02
1.9645639449541284e+14 1.3147868051365287e-04 -1.8467682554624892e+02
1.9658521836065575e+14 1.3122174046668663e-04 -1.8698204883249812e+02
1.9671421128608925e+14 1.3280534217490682e-04 -1.8925682806092780e+02
1.9684337360472750e+14 1.2964139981779655e-04 -1.9153477421049064e+02
1.9697270565045991e+14 1.3137670958558340e-04 -1.9380860179943855e+02
1.9710220775805394e+14 1.3084008520940874e-04 -1.9607064871082710e+02
1.9723188026315788e+14 1.2905160640893127e-04 -1.9833338136712820e+02
1.9736172350230416e+14 1.3079792306147975e-04 -2.0058696682221097e+02
1.9749173781291172e+14 1.2969213075116658e-04 -2.0283536507687768e+02
1.9762192353328938e+14 1.2913536935575413e-04 -2.0508534915537615e+02
1.9775228100263853e+14 1.2950065800832407e-04 -2.0732600581885816e+02
1.9788281056105609e+14 1.2847714956711347e-04 -2.0954873081246598e+02
1.9801351254953766e+14 1.2803159289514937e-04 -2.1179682940556842e+02
1.9814438730998019e+14 1.2819389679932010e-04 -2.1400028235380108e+02
1.9827543518518519e+14 1.2680865609304514e-04 -2.1622384518094046e+02
1.9840665651886169e+14 1.2777701208130471e-04 -2.1844436716476304e+02
1.9853805165562916e+14 1.2605623735719625e-04 -2.2063424499296076e+02
1.9866962094102053e+14 1.2662494181133691e-04 -2.2284689507156139e+02
1.9880136472148541e+14 1.2589882972134398e-04 -2.2504335655032042e+02
1.9893328334439284e+14 1.2542365370547752e-04 -2.2722222471328843e+02
1.9906537715803453e+14 1.2474537772676097e-04 -2.2942064500794913e+02
1.9919764651162791e+14 1.2480517092922734e-04 -2.3158909035403420e+02
1.9933009175531912e+14 1.2375391977901984e-04 -2.3376488174466027e+02
1.9946271324018628e+14 1.2339695698140673e-04 -2.3592982193466656e+02
1.9959551131824234e+14 1.2393143305493130e-04 -2.3809764812876409e+02
1.9972848634243834e+14 1.2223673333398917e-04 -2.4024443602422349e+02
1.9986163866666666e+14 1.2178009546828049e-04 -2.4240398006430729e+02
