["port 1","LEFT"]
["port 2","RIGHT"]
("port 1","mode 1",1,"port 1",1,"transmission")
(101, 3)
1.8737028625000000e+14 3.5172924025286260e-05 -2.7375806230890398e-01
1.8748746591619766e+14 3.3434891428587358e-05 -2.7900061757925293e-01
1.8760479224030038e+14 3.5326968482398648e-05 -2.3436628112643118e-01
1.8772226549780841e+14 3.4090439145987702e-05 -1.9767202594212055e-01
1.8783988596491231e+14 3.5694850866470842e-05 -1.5202288916381579e-01
1.8795765391849531e+14 3.3279304703032741e-05 -9.3402458266454755e-02
1.8807556963613553e+14 3.4755293715019640e-05 -1.2434532057888419e-01
1.8819363339610800e+14 3.4980116038718375e-05 -3.0303090750789852e-02
1.8831184547738694e+14 3.4628098986934075e-05 -1.7309212455167630e-02
1.8843020615964803e+14 3.4218632264113240e-05 4.6128028985666508e-02
1.8854871572327044e+14 3.4348383968275446e-05 3.0997792893916756e-02
1.8866737444933922e+14 3.5147884184942372e-05 1.2076134340628591e-01
1.8878618261964738e+14 3.3764081118149575e-05 1.1565668308716151e-01
1.8890514051669816e+14 3.5523885875420321e-05 1.8255411808029870e-01
1.8902424842370744e+14 3.3367247551354531e-05 2.0353662002675688e-01
1.8914350662460569e+14 3.5830767642850179e-05 2.3390398652541680e-01
1.8926291540404041e+14 3.3519980499722730e-05 3.0944141657200352e-01
1.8938247504737841e+14 3.4976163944959833e-05 2.7997908735134613e-01
1.8950218584070797e+14 3.4921824586912572e-05 3.8487647471722003e-01
1.8962204807084125e+14 3.4160289812063513e-05 3.8126056866455421e-01
1.8974206202531647e+14 3.4470151458686522e-05 4.4027091664333529e-01
1.8986222799240025e+14 3.4342491665703482e-05 4.4258434763496657e-01
1.8998254626109000e+14 3.5160330445455181e-05 5.1616896785506050e-01
1.9010301712111606e+14 3.3982499264752825e-05 5.3339065702724464e-01
1.9022364086294416e+14 3.5135541633910413e-05 5.7569416226012449e-01
1.9034441777777778e+14 3.4330094742612218e-05 6.2242928621561555e-01
1.9046534815756038e+14 3.4437834127632467e-05 6.5202895331413280e-01
1.9058643229497775e+14 3.4451637220476247e-05 6.7708639940053006e-01
1.9070767048346056e+14 3.5041413661025917e-05 7.3441230336560370e-01
1.9082906301718653e+14 3.4021919613745151e-05 7.6303785009923908e-01
1.9095061019108281e+14 3.5008390148928939e-05 7.9737491149475481e-01
1.9107231230082856e+14 3.4149541365364620e-05 8.4492774137367799e-01
1.9119416964285712e+14 3.4757494447115039e-05 8.6508972989322530e-01
1.9131618251435866e+14 3.4622765698744435e-05 9.1679831242415399e-01
1.9143835121328225e+14 3.4680569953266271e-05 9.5496552099525012e-01
1.9156067603833866e+14 3.4209037113676773e-05 9.8090938553148321e-01
1.9168315728900256e+14 3.5518870511162789e-05 1.0280607717414478e+00
1.9180579526551506e+14 3.3643466069062300e-05 1.0894422279384828e+00
1.9192859026888603e+14 3.4662046607874903e-05 1.0676333756199587e+00
1.9205154260089688e+14 3.5131472632326735e-05 1.1562295987724018e+00
1.9217465256410256e+14 3.4431667224982800e-05 1.1804970220219635e+00
1.9229792046183450e+14 3.4085596068309812e-05 1.2206942262940184e+00
1.9242134659820284e+14 3.5001935056425144e-05 1.2280254443861649e+00
1.9254493127809894e+14 3.4987628319689337e-05 1.3186621393537563e+00
1.9266867480719794e+14 3.4234333156278631e-05 1.3187363856165089e+00
1.9279257749196144e+14 3.4839073602618910e-05 1.3846737640885705e+00
1.9291663963963962e+14 3.4151027475677914e-05 1.3923634328886232e+00
1.9304086155827431e+14 3.5060602940995579e-05 1.4555881641419703e+00
1.9316524355670103e+14 3.4217451795526190e-05 1.4738501387088512e+00
1.9328978594455191e+14 3.5107304887950174e-05 1.5342955788937149e+00
1.9341448903225806e+14 3.4016495542464926e-05 1.5532163980124447e+00
1.9353935313105231e+14 3.5137484784774619e-05 1.6063607014840320e+00
1.9366437855297156e+14 3.4009497508630761e-05 1.6299400459650812e+00
1.9378956561085972e+14 3.5358005246092395e-05 1.6840948787723351e+00
1.9391491461837000e+14 3.3659794903037088e-05 1.7121543684833451e+00
1.9404042588996762e+14 3.5673595966244889e-05 1.7449328001740199e+00
1.9416609974093266e+14 3.4125048760786901e-05 1.8133891108890434e+00
1.9429193648736228e+14 3.4797790500236544e-05 1.8281825729641832e+00
1.9441793644617381e+14 3.3936117681911181e-05 1.8728151453124593e+00
1.9454409993510709e+14 3.5218822532393400e-05 1.8967322460958655e+00
1.9467042727272725e+14 3.4289587489566147e-05 1.9596031396654783e+00
1.9479691877842756e+14 3.5122493285120054e-05 1.9808579830211119e+00
1.9492357477243175e+14 3.4188142005995306e-05 2.0435293418781919e+00
1.9505039557579700e+14 3.4794427982826675e-05 2.0578188512752269e+00
1.9517738151041666e+14 3.4025641139278360e-05 2.1159749332589133e+00
1.9530453289902281e+14 3.4804306448420379e-05 2.1186666336389219e+00
1.9543185006518903e+14 3.5215690625986765e-05 2.1925567674482274e+00
1.9555933333333334e+14 3.4697321976142434e-05 2.2442311961340371e+00
1.9568698302872062e+14 3.3521096527116486e-05 2.2608779394196463e+00
1.9581479947746572e+14 3.5214187581012320e-05 2.2849913525703629e+00
1.9594278300653594e+14 3.4276784885903187e-05 2.3525585836905991e+00
1.9607093394375406e+14 3.5022716956851362e-05 2.3706454217842090e+00
1.9619925261780103e+14 3.4449822134176819e-05 2.4332227619559736e+00
1.9632773935821875e+14 3.4745215827567651e-05 2.4654020205491984e+00
1.9645639449541284e+14 3.3674070077696850e-05 2.4960969956813730e+00
1.9658521836065575e+14 3.5594359739686850e-05 2.5263546151427283e+00
1.9671421128608925e+14 3.3890319891905563e-05 2.6024969992063416e+00
1.9684337360472750e+14 3.4919586460934776e-05 2.5970249294673033e+00
1.9697270565045991e+14 3.4585058677961187e-05 2.6742964378264849e+00
1.9710220775805394e+14 3.4640354018793895e-05 2.7025790420414690e+00
1.9723188026315788e+14 3.3854714519766391e-05 2.7317937136643575e+00
1.9736172350230416e+14 3.5548398979157640e-05 2.7786536981731138e+00
1.9749173781291172e+14 3.3355412278361334e-05 2.8255997548522176e+00
1.9762192353328938e+14 3.5847118191938452e-05 2.8392426264003472e+00
1.9775228100263853e+14 3.3847728737817015e-05 2.9298950418378218e+00
1.9788281056105609e+14 3.4932303320958679e-05 2.9247233780280042e+00
1.9801351254953766e+14 3.3775432751839864e-05 2.9885669401109585e+00
1.9814438730998019e+14 3.5366861618816442e-05 3.0050837577073231e+00
1.9827543518518519e+14 3.3828939744707739e-05 3.0710861592808656e+00
1.9840665651886169e+14 3.5608760176890086e-05 3.0910645238892327e+00
1.9853805165562916e+14 3.3512476585168411e-05 3.1640966135457216e+00
1.9866962094102053e+14 3.5182799649332105e-05 3.1589611299650167e+00
1.9880136472148541e+14 3.4080278622239144e-05 3.2372789301302780e+00
1.9893328334439284e+14 3.4996097007932051e-05 3.2523029323229746e+00
1.9906537715803453e+14 3.4250940541029309e-05 3.3031179630688636e+00
1.9919764651162791e+14 3.5352559465010922e-05 3.3581646762198618e+00
1.9933009175531912e+14 3.3219462097907229e-05 3.3801586857488717e+00
1.9946271324018628e+14 3.5764239707735539e-05 3.4198151559598231e+00
1.9959551131824234e+14 3.3583442211552695e-05 3.4717983479181522e+00
1.9972848634243834e+14 3.5585541730339460e-05 3.5060317054164618e+00
1.9986163866666666e+14 3.3565363873738237e-05 3.5528370417349722e+00
("port 1","mode 1",1,"port 2",1,"transmission")
(101, 3)
1.8737028625000000e+14 8.4992275945976525e-01 2.8503295201492338e+00
1.8748746591619766e+14 8.5001630507598414e-01 4.3368761687053841e+00
1.8760479224030038e+14 8.5010736660238784e-01 5.8252834781248444e+00
1.8772226549780841e+14 8.5019571049043496e-01 7.3155571318647752e+00
1.8783988596491231e+14 8.5028214309178962e-01 8.8077024308258203e+00
1.8795765391849531e+14 8.5036840721629181e-01 1.0301723623742763e+01
1.8807556963613553e+14 8.5045620357292839e-01 1.1797623828475793e+01
1.8819363339610800e+14 8.5054646847390647e-01 1.3295404951471085e+01
1.8831184547738694e+14 8.5063930841354651e-01 1.4795068647454029e+01
1.8843020615964803e+14 8.5073385425861381e-01 1.6296617335864411e+01
1.8854871572327044e+14 8.5082888310679305e-01 1.7800054332037170e+01
1.8866737444933922e+14 8.5092376421324478e-01 1.9305384029119899e+01
1.8878618261964738e+14 8.5101864530666937e-01 2.0812611323982921e+01
1.8890514051669816e+14 8.5111462644569169e-01 2.2321740375304884e+01
1.8902424842370744e+14 8.5121342596618299e-01 2.3832774232388644e+01
1.8914350662460569e+14 8.5131621069684316e-01 2.5345714598127447e+01
1.8926291540404041e+14 8.5142303528466001e-01 2.6860561994364527e+01
1.8938247504737841e+14 8.5153250836501615e-01 2.8377317147287510e+01
1.8950218584070797e+14 8.5164165804127867e-01 2.9895981922251984e+01
1.8962204807084125e+14 8.5174699245522600e-01 3.1416559936282034e+01
1.8974206202531647e+14 8.5184545809353163e-01 3.2939057178099468e+01
1.8986222799240025e+14 8.5193508977733556e-01 3.4463481144124103e+01
1.8998254626109000e+14 8.5201594202722142e-01 3.5989839693171355e+01
1.9010301712111606e+14 8.5208985937614845e-01 3.7518140310808448e+01
1.9022364086294416e+14 8.5215964638018482e-01 3.9048388727311306e+01
1.9034441777777778e+14 8.5222860986497562e-01 4.0580588529421732e+01
1.9046534815756038e+14 8.5229938235143821e-01 4.2114741801991372e+01
1.9058643229497775e+14 8.5237313381602897e-01 4.3650849352423926e+01
1.9070767048346056e+14 8.5244978051997455e-01 4.5188911814517802e+01
1.9082906301718653e+14 8.5252787888108572e-01 4.6728930875759346e+01
1.9095061019108281e+14 8.5260516228272698e-01 4.8270909384169229e+01
1.9107231230082856e+14 8.5267961174824902e-01 4.9814851748496324e+01
1.9119416964285712e+14 8.5274977549562625e-01 5.1360763796155020e+01
1.9131618251435866e+14 8.5281532520268544e-01 5.2908651696767471e+01
1.9143835121328225e+14 8.5287733395850007e-01 5.4458521511487220e+01
1.9156067603833866e+14 8.5293755492114298e-01 5.6010378412815541e+01
1.9168315728900256e+14 8.5299802340481956e-01 5.7564225900011373e+01
1.9180579526551506e+14 8.5306039827236646e-01 5.9120066325220492e+01
1.9192859026888603e+14 8.5312497464755610e-01 6.0677901366281226e+01
1.9205154260089688e+14 8.5319078337564491e-01 6.2237732729550956e+01
1.9217465256410256e+14 8.5325599138709141e-01 6.3799563567703451e+01
1.9229792046183450e+14 8.5331847386015114e-01 6.5363398895913846e+01
1.9242134659820284e+14 8.5337712681382283e-01 6.6929245283307637e+01
1.9254493127809894e+14 8.5343267257363509e-01 6.8497110165318460e+01
1.9266867480719794e+14 8.5348772687322583e-01 7.0067000215985544e+01
1.9279257749196144e+14 8.5354628788656706e-01 7.1638919952617513e+01
1.9291663963963962e+14 8.5361227538810081e-01 7.3212871108181361e+01
1.9304086155827431e+14 8.5368803703254903e-01 7.4788852870438873e+01
1.9316524355670103e+14 8.5377339387300766e-01 7.6366863560210206e+01
1.9328978594455191e+14 8.5386540508535291e-01 7.7946902756527805e+01
1.9341448903225806e+14 8.5395949779085800e-01 7.9528972931144153e+01
1.9353935313105231e+14 8.5405139690661769e-01 8.1113080197316862e+01
1.9366437855297156e+14 8.5413898966089763e-01 8.2699233398942425e+01
1.9378956561085972e+14 8.5422349915373630e-01 8.4287441956871632e+01
1.9391491461837000e+14 8.5430915000107033e-01 8.5877713349482590e+01
1.9404042588996762e+14 8.5440152275730263e-01 8.7470051099556727e+01
1.9416609974093266e+14 8.5450527715329805e-01 8.9064454492822236e+01
1.9429193648736228e+14 8.5462197458165601e-01 9.0660920110329116e+01
1.9441793644617381e+14 8.5474918443524517e-01 9.2259444451748337e+01
1.9454409993510709e+14 8.5488127350489018e-01 9.3860026816685860e+01
1.9467042727272725e+14 8.5501142065364955e-01 9.5462671031650530e+01
1.9479691877842756e+14 8.5513416011604437e-01 9.7067385220156780e+01
1.9492357477243175e+14 8.5524730144379624e-01 9.8674179881640072e+01
1.9505039557579700e+14 8.5535231769071585e-01 1.0028306506012606e+02
1.9517738151041666e+14 8.5545315224131913e-01 1.0189404784515209e+02
1.9530453289902281e+14 8.5555401266437703e-01 1.0350713140080830e+02
1.9543185006518903e+14 8.5565714186815878e-01 1.0512231583421564e+02
1.9555933333333334e+14 8.5576168573270395e-01 1.0673960043541338e+02
1.9568698302872062e+14 8.5586406629577472e-01 1.0835898630009962e+02
1.9581479947746572e+14 8.5595958348464274e-01 1.0998047791104827e+02
1.9594278300653594e+14 8.5604463959316179e-01 1.1160408304351526e+02
1.9607093394375406e+14 8.5611830163622649e-01 1.1322981128258556e+02
1.9619925261780103e+14 8.5618247775753331e-01 1.1485767153363665e+02
1.9632773935821875e+14 8.5624097070147487e-01 1.1648766997613758e+02
1.9645639449541284e+14 8.5629752495058464e-01 1.1811980954501664e+02
1.9658521836065575e+14 8.5635395738343845e-01 1.1975409067297358e+02
1.9671421128608925e+14 8.5640941975518070e-01 1.2139051331332413e+02
1.9684337360472750e+14 8.5646064517645981e-01 1.2302907911344147e+02
1.9697270565045991e+14 8.5650340901989130e-01 1.2466979249516491e+02
1.9710220775805394e+14 8.5653431826602178e-01 1.2631266086359709e+02
1.9723188026315788e+14 8.5655180277221066e-01 1.2795769338178610e+02
1.9736172350230416e+14 8.5655660515495424e-01 1.2960489911840108e+02
1.9749173781291172e+14 8.5655117521796531e-01 1.3125428593514724e+02
1.9762192353328938e+14 8.5653842969841221e-01 1.3290585969815658e+02
1.9775228100263853e+14 8.5652101480920284e-01 1.3455962454845104e+02
1.9788281056105609e+14 8.5650063592767633e-01 1.3621558392230114e+02
1.9801351254953766e+14 8.5647805654660936e-01 1.3787374108637295e+02
1.9814438730998019e+14 8.5645360432924977e-01 1.3953409975915943e+02
1.9827543518518519e+14 8.5642729573889442e-01 1.4119666415044267e+02
1.9840665651886169e+14 8.5639916169068897e-01 1.4286143864205999e+02
1.9853805165562916e+14 8.5636923620125616e-01 1.4452842802180339e+02
1.9866962094102053e+14 8.5633739971270528e-01 1.4619763747380964e+02
1.9880136472148541e+14 8.5630380477791235e-01 1.4786907276015617e+02
1.9893328334439284e+14 8.5626925134761644e-01 1.4954274033354361e+02
1.9906537715803453e+14 8.5623569341080275e-01 1.5121864674116577e+02
1.9919764651162791e+14 8.5620637433476876e-01 1.5289679788473222e+02
1.9933009175531912e+14 8.5618527478018824e-01 1.5457719788959815e+02
1.9946271324018628e+14 8.5617631618884427e-01 1.5625984859776733e+02
1.9959551131824234e+14 8.5618202460252324e-01 1.5794474997743683e+02
1.9972848634243834e+14 8.5620277287395796e-01 1.5963190104335084e+02
1.9986163866666666e+14 8.5623680302582095e-01 1.6132130174162546e+02
("port 2","mode 1",1,"port 1",1,"transmission")
(101, 3)
1.8737028625000000e+14 8.5197525411642860e-01 2.8490975712844970e+00
1.8748746591619766e+14 8.5206538784375385e-01 4.3356572523252019e+00
1.8760479224030038e+14 8.5215911129371258e-01 5.8240806420255185e+00
1.8772226549780841e+14 8.5225673727762052e-01 7.3143691081967548e+00
1.8783988596491231e+14 8.5235738450011056e-01 8.8065240668657605e+00
1.8795765391849531e+14 8.5245963586566642e-01 1.0300547787762135e+01
1.8807556963613553e+14 8.5256195213108421e-01 1.1796443933896834e+01
1.8819363339610800e+14 8.5266320129086570e-01 1.3294216988834526e+01
1.8831184547738694e+14 8.5276320786759208e-01 1.4793871668136305e+01
1.8843020615964803e+14 8.5286248814171384e-01 1.6295412329807117e+01
1.8854871572327044e+14 8.5296179412221473e-01 1.7798842348256244e+01
1.8866737444933922e+14 8.5306158042380398e-01 1.9304164362442382e+01
1.8878618261964738e+14 8.5316134326464432e-01 2.0811380773624489e+01
1.8890514051669816e+14 8.5325976086695021e-01 2.2320494299332541e+01
1.8902424842370744e+14 8.5335520212980187e-01 2.3831508928105208e+01
1.8914350662460569e+14 8.5344617521260946e-01 2.5344430030337502e+01
1.8926291540404041e+14 8.5353225699849289e-01 2.6859263746688836e+01
1.8938247504737841e+14 8.5361451760432649e-01 2.8376016481070856e+01
1.8950218584070797e+14 8.5369510635283763e-01 2.9894693735033929e+01
1.8962204807084125e+14 8.5377688759097825e-01 3.1415299120138894e+01
1.8974206202531647e+14 8.5386256945391659e-01 3.2937834498793784e+01
1.8986222799240025e+14 8.5395356626767338e-01 3.4462300303294484e+01
1.8998254626109000e+14 8.5404964981322007e-01 3.5988696301205309e+01
1.9010301712111606e+14 8.5414897212133289e-01 3.7517022948551684e+01
1.9022364086294416e+14 8.5424846215737649e-01 3.9047282256194514e+01
1.9034441777777778e+14 8.5434477812527276e-01 4.0579478228819809e+01
1.9046534815756038e+14 8.5443515992175423e-01 4.2113616772136510e+01
1.9058643229497775e+14 8.5451817518831619e-01 4.3649704914056983e+01
1.9070767048346056e+14 8.5459404111660175e-01 4.5187750001160431e+01
1.9082906301718653e+14 8.5466425821091796e-01 4.6727758682198861e+01
1.9095061019108281e+14 8.5473117779760255e-01 4.8269736091892646e+01
1.9107231230082856e+14 8.5479724771323862e-01 4.9813685879195916e+01
1.9119416964285712e+14 8.5486411775366489e-01 5.1359610376305035e+01
1.9131618251435866e+14 8.5493239330840176e-01 5.2907511204035480e+01
1.9143835121328225e+14 8.5500154326050026e-01 5.4457390397742884e+01
1.9156067603833866e+14 8.5507013525131093e-01 5.6009250989693534e+01
1.9168315728900256e+14 8.5513669530609870e-01 5.7563097361876004e+01
1.9180579526551506e+14 8.5520037251333880e-01 5.9118935200647002e+01
1.9192859026888603e+14 8.5526152365253150e-01 6.0676770626026951e+01
1.9205154260089688e+14 8.5532193708104953e-01 6.2236609372186308e+01
1.9217465256410256e+14 8.5538417580208337e-01 6.3798455826081586e+01
1.9229792046183450e+14 8.5545087739240500e-01 6.5362312316739832e+01
1.9242134659820284e+14 8.5552380593817046e-01 6.6928179702415576e+01
1.9254493127809894e+14 8.5560279439590115e-01 6.8496058215639749e+01
1.9266867480719794e+14 8.5568588819708979e-01 7.0065948597227802e+01
1.9279257749196144e+14 8.5577004337942952e-01 7.1637853727027689e+01
1.9291663963963962e+14 8.5585211321401666e-01 7.3211779027026267e+01
1.9304086155827431e+14 8.5593048595780274e-01 7.4787731844739895e+01
1.9316524355670103e+14 8.5600597756501162e-01 7.6365720344177262e+01
1.9328978594455191e+14 8.5608164146791343e-01 7.7945751462899850e+01
1.9341448903225806e+14 8.5616189850747848e-01 7.9527829289203240e+01
1.9353935313105231e+14 8.5625073909667293e-01 8.1111954662617748e+01
1.9366437855297156e+14 8.5634996729690860e-01 8.2698125892056439e+01
1.9378956561085972e+14 8.5645827690886744e-01 8.4286340799975534e+01
1.9391491461837000e+14 8.5657145134443435e-01 8.5876599048793196e+01
1.9404042588996762e+14 8.5668394658259017e-01 8.7468903885358287e+01
1.9416609974093266e+14 8.5679094431162961e-01 8.9063262591447199e+01
1.9429193648736228e+14 8.5689024189414431e-01 9.0659684982477685e+01
1.9441793644617381e+14 8.5698329856886934e-01 9.2258181056584590e+01
1.9454409993510709e+14 8.5707443870642752e-01 9.3858758577264950e+01
1.9467042727272725e+14 8.5716895787968128e-01 9.5461421221292198e+01
1.9479691877842756e+14 8.5727098060022522e-01 9.7066168738552861e+01
1.9492357477243175e+14 8.5738157646600077e-01 9.8672998795854028e+01
1.9505039557579700e+14 8.5749829593543470e-01 1.0028190949811521e+02
1.9517738151041666e+14 8.5761625460119550e-01 1.0189290177577658e+02
1.9530453289902281e+14 8.5773016532239210e-01 1.0350598043644550e+02
1.9543185006518903e+14 8.5783642432737772e-01 1.0512115350944421e+02
1.9555933333333334e+14 8.5793425645230825e-01 1.0673843011606796e+02
1.9568698302872062e+14 8.5802563061096304e-01 1.0835781801904139e+02
1.9581479947746572e+14 8.5811373270579050e-01 1.0997932217187552e+02
1.9594278300653594e+14 8.5820085241885102e-01 1.1160294445280238e+02
1.9607093394375406e+14 8.5828701930763696e-01 1.1322868508631471e+02
1.9619925261780103e+14 8.5836953042625563e-01 1.1485654506524376e+02
1.9632773935821875e+14 8.5844387310031278e-01 1.1648652790479399e+02
1.9645639449541284e+14 8.5850573713169887e-01 1.1811864049249876e+02
1.9658521836065575e+14 8.5855265976002437e-01 1.1975289247108506e+02
1.9671421128608925e+14 8.5858494584661726e-01 1.2138929414125803e+02
1.9684337360472750e+14 8.5860552023881975e-01 1.2302785438029221e+02
1.9697270565045991e+14 8.5861857635617000e-01 1.2466857934547112e+02
1.9710220775805394e+14 8.5862784912421264e-01 1.2631147235783538e+02
1.9723188026315788e+14 8.5863532996914116e-01 1.2795653492410959e+02
1.9736172350230416e+14 8.5864098029812874e-01 1.2960376841926973e+02
1.9749173781291172e+14 8.5864321793545839e-01 1.3125317560186741e+02
1.9762192353328938e+14 8.5863999119345635e-01 1.3290476106823164e+02
1.9775228100263853e+14 8.5862995372561468e-01 1.3455853101819244e+02
1.9788281056105609e+14 8.5861288352689080e-01 1.3621449243743453e+02
1.9801351254953766e+14 8.5858969835925170e-01 1.3787265206178358e+02
1.9814438730998019e+14 8.5856203377274332e-01 1.3953301604164997e+02
1.9827543518518519e+14 8.5853167144715481e-01 1.4119558975506183e+02
1.9840665651886169e+14 8.5850052257630582e-01 1.4286037802180829e+02
1.9853805165562916e+14 8.5847049359788152e-01 1.4452738536998945e+02
1.9866962094102053e+14 8.5844358864348402e-01 1.4619661563681601e+02
1.9880136472148541e+14 8.5842186980242274e-01 1.4786807196882611e+02
1.9893328334439284e+14 8.5840668855593250e-01 1.4954175662590123e+02
1.9906537715803453e+14 8.5839845322944830e-01 1.5121767115382741e+02
1.9919764651162791e+14 8.5839628306177018e-01 1.5289581774544817e+02
1.9933009175531912e+14 8.5839807067475737e-01 1.5457619990744294e+02
1.9946271324018628e+14 8.5840183589638985e-01 1.5625882314457706e+02
1.9959551131824234e+14 8.5840665365253321e-01 1.5794369503174167e+02
1.9972848634243834e+14 8.5841363668009629e-01 1.5963082360449752e+02
1.9986163866666666e+14 8.5842629224202904e-01 1.6132021601133840e+02
("port 2","mode 1",1,"port 2",1,"transmission")
(101, 3)
1.8737028625000000e+14 6.2112162381967780e-05 1.2995177501903812e+00
1.8748746591619766e+14 6.3391956782818585e-05 4.2504821798084382e+00
1.8760479224030038e+14 6.1941482077439581e-05 7.1738037685408198e+00
1.8772226549780841e+14 6.3234822400594630e-05 1.0150535204285669e+01
1.8783988596491231e+14 6.2702843470424335e-05 1.3056872490976485e+01
1.8795765391849531e+14 6.1945512133895720e-05 1.6055261007125647e+01
1.8807556963613553e+14 6.3477657293081429e-05 1.8974981913733004e+01
1.8819363339610800e+14 6.1143633476907859e-05 2.1967875004777994e+01
1.8831184547738694e+14 6.4435874575558948e-05 2.4914191381680251e+01
1.8843020615964803e+14 6.0670706922153323e-05 2.7872931526657677e+01
1.8854871572327044e+14 6.3526710616573860e-05 3.0882723451547491e+01
1.8866737444933922e+14 6.2459914045494912e-05 3.3812104863493218e+01
1.8878618261964738e+14 6.2173375722783075e-05 3.6827106090051480e+01
1.8890514051669816e+14 6.2590615077824701e-05 3.9792148629530978e+01
1.8902424842370744e+14 6.2854457334338509e-05 4.2793902286668391e+01
1.8914350662460569e+14 6.2512916411901537e-05 4.5756951853414812e+01
1.8926291540404041e+14 6.1819109291280614e-05 4.8786331944324232e+01
1.8938247504737841e+14 6.3448583477235555e-05 5.1761714046700476e+01
1.8950218584070797e+14 6.1884230905959344e-05 5.4771377012770337e+01
1.8962204807084125e+14 6.2937622289616183e-05 5.7774417724708684e+01
1.8974206202531647e+14 6.2126037088215360e-05 6.0792291408987346e+01
1.8986222799240025e+14 6.3543573593974440e-05 6.3793951373423724e+01
1.8998254626109000e+14 6.1563157682952612e-05 6.6812084204442286e+01
1.9010301712111606e+14 6.3379524158738702e-05 6.9845626063995354e+01
1.9022364086294416e+14 6.2113831201702078e-05 7.2852607291903752e+01
1.9034441777777778e+14 6.3266669125719039e-05 7.5902323239120946e+01
1.9046534815756038e+14 6.2768670505879002e-05 7.8903544587319757e+01
1.9058643229497775e+14 6.2080360821588511e-05 8.1965927381018631e+01
1.9070767048346056e+14 6.3131375715276290e-05 8.4997872324978104e+01
1.9082906301718653e+14 6.2731883190575693e-05 8.8036176772570812e+01
1.9095061019108281e+14 6.2169720629759621e-05 9.1089659243038994e+01
1.9107231230082856e+14 6.3436036812033138e-05 9.4149180373627146e+01
1.9119416964285712e+14 6.2795372930468405e-05 9.7178072136837926e+01
1.9131618251435866e+14 6.2265407310345636e-05 1.0026095344725917e+02
1.9143835121328225e+14 6.3025152955649733e-05 1.0331430878037973e+02
1.9156067603833866e+14 6.2890483181192704e-05 1.0638310207475364e+02
1.9168315728900256e+14 6.2390092932649902e-05 1.0944524154781149e+02
1.9180579526551506e+14 6.2976670495227483e-05 1.1253984982106864e+02
1.9192859026888603e+14 6.2888689631707722e-05 1.1558533317329811e+02
1.9205154260089688e+14 6.1883953571780176e-05 1.1870188991123084e+02
1.9217465256410256e+14 6.3246650074474595e-05 1.2176144220570690e+02
1.9229792046183450e+14 6.1571089998646445e-05 1.2487875870246097e+02
1.9242134659820284e+14 6.3923513894391848e-05 1.2794843448663750e+02
1.9254493127809894e+14 6.0912560212341017e-05 1.3105910107464538e+02
1.9266867480719794e+14 6.3890957864369527e-05 1.3416130803488849e+02
1.9279257749196144e+14 6.0959692020075850e-05 1.3725811036975821e+02
1.9291663963963962e+14 6.3594551112633774e-05 1.4038390697156359e+02
1.9304086155827431e+14 6.0818883588446760e-05 1.4347846929096644e+02
1.9316524355670103e+14 6.3671229924516079e-05 1.4034418610769055e+02
1.9328978594455191e+14 6.1099691573570064e-05 1.4341915157587295e+02
1.9341448903225806e+14 6.2512615841576262e-05 1.4032099432251147e+02
1.9353935313105231e+14 6.2095437965997244e-05 1.4339423377469228e+02
1.9366437855297156e+14 6.1503712093001072e-05 1.4029449008445667e+02
1.9378956561085972e+14 6.1980066696880386e-05 1.4339908310429297e+02
1.9391491461837000e+14 6.1944180861213052e-05 1.4029407939129808e+02
1.9404042588996762e+14 6.2201781078906831e-05 1.4339650394193075e+02
1.9416609974093266e+14 6.1061297005440035e-05 1.4030731362914182e+02
1.9429193648736228e+14 6.2226445597932708e-05 1.4342782101199481e+02
1.9441793644617381e+14 6.0951476592580593e-05 1.4034036902812946e+02
1.9454409993510709e+14 6.2598735105357756e-05 1.4346765644980388e+02
1.9467042727272725e+14 6.0283524036213700e-05 1.4038509241395806e+02
1.9479691877842756e+14 6.3142264725296669e-05 1.3725475875363546e+02
1.9492357477243175e+14 6.0618157574027124e-05 1.3414520652730147e+02
1.9505039557579700e+14 6.1782154040518607e-05 1.3104902528047270e+02
1.9517738151041666e+14 6.1135512694801398e-05 1.2795833723168533e+02
1.9530453289902281e+14 6.2230753696438924e-05 1.2484754374759606e+02
1.9543185006518903e+14 6.0713517872062216e-05 1.2177365085035677e+02
1.9555933333333334e+14 6.2949853687589068e-05 1.1867411212223870e+02
1.9568698302872062e+14 6.0403610638397409e-05 1.1558329259138483e+02
1.9581479947746572e+14 6.1688170521576049e-05 1.1253006204546364e+02
1.9594278300653594e+14 6.1703025913750450e-05 1.0944175740245743e+02
1.9607093394375406e+14 6.1753102663993426e-05 1.0637328711242496e+02
1.9619925261780103e+14 6.1727254883101415e-05 1.0330622930575281e+02
1.9632773935821875e+14 6.1555224866758273e-05 1.0024134672903806e+02
1.9645639449541284e+14 6.1808723408277456e-05 9.7190142009659709e+01
1.9658521836065575e+14 6.1378725908622675e-05 9.4125898149832878e+01
1.9671421128608925e+14 6.1824457675355388e-05 9.1096289422176355e+01
1.9684337360472750e+14 6.2012816553226621e-05 8.8028422957265008e+01
1.9697270565045991e+14 6.1936046975461049e-05 8.4998678398360795e+01
1.9710220775805394e+14 6.0971908551850869e-05 8.1944112473432156e+01
1.9723188026315788e+14 6.1929953585853573e-05 7.8949212552916890e+01
1.9736172350230416e+14 6.1772753985333645e-05 7.5872797757250908e+01
1.9749173781291172e+14 6.1113369055776129e-05 7.2897538462787466e+01
1.9762192353328938e+14 6.2423142447574415e-05 6.9834970567482287e+01
1.9775228100263853e+14 6.1023794271492674e-05 6.6846279228542556e+01
1.9788281056105609e+14 6.1424627254271148e-05 6.3810993516462815e+01
1.9801351254953766e+14 6.1303440896246980e-05 6.0838460966553157e+01
1.9814438730998019e+14 6.1591961890636139e-05 5.7795361205962195e+01
1.9827543518518519e+14 6.1095436415324354e-05 5.4835783815633960e+01
1.9840665651886169e+14 6.1212658157825802e-05 5.1801238600980277e+01
1.9853805165562916e+14 6.1139374536422586e-05 4.8855809329105590e+01
1.9866962094102053e+14 6.0710191742550839e-05 4.5815255115547764e+01
1.9880136472148541e+14 6.0272628050024722e-05 4.2909430838533829e+01
1.9893328334439284e+14 6.2073970375505318e-05 3.9861327753028597e+01
1.9906537715803453e+14 5.9281287657934003e-05 3.6939971954864070e+01
1.9919764651162791e+14 6.1288067986864009e-05 3.3943628166388969e+01
1.9933009175531912e+14 6.0175024280094122e-05 3.1004132551099076e+01
1.9946271324018628e+14 6.0241083104041994e-05 2.8016148433670558e+01
1.9959551131824234e+14 6.0040621002225806e-05 2.5105891984786339e+01
1.9972848634243834e+14 6.0715996410035113e-05 2.2110674270323095e+01
1.9986163866666666e+14 5.9217529090147209e-05 1.9202136981365872e+01
