["port 1","LEFT"]
["port 2","RIGHT"]
("port 1","mode 1",1,"port 1",1,"transmission")
(101, 3)
1.8737028625000000e+14 2.6675632050311917e-05 -2.7987585695334349e-01
1.8748746591619766e+14 2.6988073797047557e-05 -2.8862873059656757e-01
1.8760479224030038e+14 2.6727955048900397e-05 -2.0887000669467759e-01
1.8772226549780841e+14 2.6498252522978639e-05 -2.3960888057388932e-01
1.8783988596491231e+14 2.8173247397603962e-05 -1.4460566016475199e-01
1.8795765391849531e+14 2.5746306004246638e-05 -1.0747613647775937e-01
1.8807556963613553e+14 2.7452310689674272e-05 -1.2225912985054907e-01
1.8819363339610800e+14 2.6922830926906519e-05 -2.2117195953187861e-02
1.8831184547738694e+14 2.6603680920246727e-05 -3.8281673787639206e-02
1.8843020615964803e+14 2.7223336145401394e-05 3.0453388004336193e-02
1.8854871572327044e+14 2.6718439795481938e-05 4.4369314992406150e-02
1.8866737444933922e+14 2.7390634352552170e-05 1.1179998831764881e-01
1.8878618261964738e+14 2.5918263409272928e-05 1.2727557263190753e-01
1.8890514051669816e+14 2.7545733034031425e-05 1.4314158659948181e-01
1.8902424842370744e+14 2.6765536511770024e-05 2.2085639655898831e-01
1.8914350662460569e+14 2.7257193971012006e-05 2.2432985939166195e-01
1.8926291540404041e+14 2.6745190793680299e-05 3.1417164613404303e-01
1.8938247504737841e+14 2.6118821834411532e-05 2.7479629812727463e-01
1.8950218584070797e+14 2.8065991880020016e-05 3.5031579251171002e-01
1.8962204807084125e+14 2.6396210065649835e-05 4.0670835312161246e-01
1.8974206202531647e+14 2.7078765506234699e-05 4.1581535862956870e-01
1.8986222799240025e+14 2.6489758680102486e-05 4.6783158397464192e-01
1.8998254626109000e+14 2.7286111605071955e-05 4.7600522185297406e-01
1.9010301712111606e+14 2.7067968704442545e-05 5.6127345710435150e-01
1.9022364086294416e+14 2.6561976602982869e-05 5.5865930494367921e-01
1.9034441777777778e+14 2.7287632959676149e-05 6.2079533012632637e-01
1.9046534815756038e+14 2.6363912641884870e-05 6.4604490617296473e-01
1.9058643229497775e+14 2.7206550707885344e-05 6.7529589744965168e-01
1.9070767048346056e+14 2.6836906417553525e-05 7.2842255293246283e-01
1.9082906301718653e+14 2.6910633159819271e-05 7.5905982723026344e-01
1.9095061019108281e+14 2.6685476133464039e-05 7.9079440614963958e-01
1.9107231230082856e+14 2.7449187294860306e-05 8.2938975400018644e-01
1.9119416964285712e+14 2.6622745907616614e-05 8.9640474027775308e-01
1.9131618251435866e+14 2.6590893393518592e-05 8.8772269643256074e-01
1.9143835121328225e+14 2.7309434812216017e-05 9.4902323846639969e-01
1.9156067603833866e+14 2.6856608742537279e-05 9.8610702185575860e-01
1.9168315728900256e+14 2.6964569136617566e-05 1.0294272447704591e+00
1.9180579526551506e+14 2.6714235550269911e-05 1.0548541344505800e+00
1.9192859026888603e+14 2.7124911021096919e-05 1.1013157040886210e+00
1.9205154260089688e+14 2.6712323882147878e-05 1.1333291294401036e+00
1.9217465256410256e+14 2.7290826478940900e-05 1.1786174027068195e+00
1.9229792046183450e+14 2.6420981774634447e-05 1.2223917686892491e+00
1.9242134659820284e+14 2.7008145317463998e-05 1.2362133580813313e+00
1.9254493127809894e+14 2.6824760347270618e-05 1.2933766554001840e+00
1.9266867480719794e+14 2.7206404242097346e-05 1.3183864299100350e+00
1.9279257749196144e+14 2.6650506066605113e-05 1.3871884898859987e+00
1.9291663963963962e+14 2.6675539142318339e-05 1.3724585878702531e+00
1.9304086155827431e+14 2.7642788483215304e-05 1.4558376016813499e+00
1.9316524355670103e+14 2.6369903425780191e-05 1.4855153604310007e+00
1.9328978594455191e+14 2.7012900057255429e-05 1.5154900547437709e+00
1.9341448903225806e+14 2.6697591758505440e-05 1.5453816352623906e+00
1.9353935313105231e+14 2.7611938816634330e-05 1.6036698122539299e+00
1.9366437855297156e+14 2.6033249771702869e-05 1.6475281003004223e+00
1.9378956561085972e+14 2.7361665127981180e-05 1.6428649057764264e+00
1.9391491461837000e+14 2.6979163064055823e-05 1.7375954250124244e+00
1.9404042588996762e+14 2.6743123299563279e-05 1.7357223234884878e+00
1.9416609974093266e+14 2.6875208321544578e-05 1.8024396445633648e+00
1.9429193648736228e+14 2.6788771564174034e-05 1.8048474957178682e+00
1.9441793644617381e+14 2.7316423530412717e-05 1.8852223898144469e+00
1.9454409993510709e+14 2.6336535843102901e-05 1.8911553616981907e+00
1.9467042727272725e+14 2.7592109061139761e-05 1.9476293255288004e+00
1.9479691877842756e+14 2.6311926812390847e-05 1.9897695702774092e+00
1.9492357477243175e+14 2.7287810473476629e-05 2.0100944400721157e+00
1.9505039557579700e+14 2.6747022564429498e-05 2.0704283722274246e+00
1.9517738151041666e+14 2.7123366113967045e-05 2.0962722538377618e+00
1.9530453289902281e+14 2.6630943987798670e-05 2.1474842532984439e+00
1.9543185006518903e+14 2.7142357953050175e-05 2.1697212350550830e+00
1.9555933333333334e+14 2.6677459661035846e-05 2.2322651260516428e+00
1.9568698302872062e+14 2.6893171989347329e-05 2.2417297125141240e+00
1.9581479947746572e+14 2.6978579052284469e-05 2.3037741969778103e+00
1.9594278300653594e+14 2.7048600134724189e-05 2.3304857551463325e+00
1.9607093394375406e+14 2.6734569879487335e-05 2.3909903523802054e+00
1.9619925261780103e+14 2.6854040604604698e-05 2.3983542768925159e+00
1.9632773935821875e+14 2.6909940813526835e-05 2.4683158172703181e+00
1.9645639449541284e+14 2.6915417534223408e-05 2.4684147201300690e+00
1.9658521836065575e+14 2.7553493758265128e-05 2.5632549333571069e+00
1.9671421128608925e+14 2.6006541453978910e-05 2.5688976273187132e+00
1.9684337360472750e+14 2.7369381526064439e-05 2.6074396085833240e+00
1.9697270565045991e+14 2.6663984398672168e-05 2.6511284962271717e+00
1.9710220775805394e+14 2.7393410296719766e-05 2.7008632170088847e+00
1.9723188026315788e+14 2.6370900052495441e-05 2.7361988266233168e+00
1.9736172350230416e+14 2.7273530853748043e-05 2.7758422503094522e+00
1.9749173781291172e+14 2.6154005264986442e-05 2.8064498660391148e+00
1.9762192353328938e+14 2.8002515740594715e-05 2.8425287021314727e+00
1.9775228100263853e+14 2.6172703278455453e-05 2.9294943056931539e+00
1.9788281056105609e+14 2.7058281486172527e-05 2.9018385031172782e+00
1.9801351254953766e+14 2.6864254296890737e-05 2.9926935174789366e+00
1.9814438730998019e+14 2.7208193664222335e-05 2.9984415028757252e+00
1.9827543518518519e+14 2.6582231450824873e-05 3.0805671106778769e+00
1.9840665651886169e+14 2.7229735870688013e-05 3.0633218443792991e+00
1.9853805165562916e+14 2.6965757633651095e-05 3.1840561157189962e+00
1.9866962094102053e+14 2.6184098070229843e-05 3.1323205895061115e+00
1.9880136472148541e+14 2.7977086134724224e-05 3.2358138310941782e+00
1.9893328334439284e+14 2.6181574568167613e-05 3.2606368799689003e+00
1.9906537715803453e+14 2.7130098725939366e-05 3.2990032234614253e+00
1.9919764651162791e+14 2.6763923987364612e-05 3.3284347425726777e+00
1.9933009175531912e+14 2.7191071710100468e-05 3.3967855466432884e+00
1.9946271324018628e+14 2.6540344646869583e-05 3.4031536324446141e+00
1.9959551131824234e+14 2.7519989151624272e-05 3.4836138153183618e+00
1.9972848634243834e+14 2.6003084258941921e-05 3.4906088013286700e+00
1.9986163866666666e+14 2.7762132555987589e-05 3.5446056585518471e+00
("port 1","mode 1",1,"port 2",1,"transmission")
(101, 3)
1.8737028625000000e+14 7.7123922886354002e-01 -2.7758143859552447e+00
1.8748746591619766e+14 7.7140773336608592e-01 -1.3687592606110535e+00
1.8760479224030038e+14 7.7157819428977292e-01 4.0059514639552145e-02
1.8772226549780841e+14 7.7175163653854439e-01 1.4506433306409954e+00
1.8783988596491231e+14 7.7192821830016645e-01 2.8629927956558441e+00
1.8795765391849531e+14 7.7210691169099233e-01 4.2771085308540897e+00
1.8807556963613553e+14 7.7228555621925477e-01 5.6929920647813095e+00
1.8819363339610800e+14 7.7246136944718991e-01 7.1106465804691537e+00
1.8831184547738694e+14 7.7263174187915729e-01 8.5300772458141090e+00
1.8843020615964803e+14 7.7279506113787322e-01 9.9512908873234238e+00
1.8854871572327044e+14 7.7295132067077743e-01 1.1374295055199537e+01
1.8866737444933922e+14 7.7310226222798251e-01 1.2799096786942256e+01
1.8878618261964738e+14 7.7325093688546342e-01 1.4225701448389117e+01
1.8890514051669816e+14 7.7340079956506746e-01 1.5654112023782579e+01
1.8902424842370744e+14 7.7355464438922983e-01 1.7084329126577774e+01
1.8914350662460569e+14 7.7371372910627878e-01 1.8516351810435967e+01
1.8926291540404041e+14 7.7387735079925835e-01 1.9950178926820541e+01
1.8938247504737841e+14 7.7404303512645656e-01 2.1385810539586842e+01
1.8950218584070797e+14 7.7420731742026772e-01 2.2823248921639259e+01
1.8962204807084125e+14 7.7436686356298301e-01 2.4262498846280469e+01
1.8974206202531647e+14 7.7451949257083885e-01 2.5703567096605145e+01
1.8986222799240025e+14 7.7466474459970613e-01 2.7146461277491838e+01
1.8998254626109000e+14 7.7480389385101101e-01 2.8591188369102788e+01
1.9010301712111606e+14 7.7493938131755213e-01 3.0037753654866801e+01
1.9022364086294416e+14 7.7507379382362873e-01 3.1486160309068996e+01
1.9034441777777778e+14 7.7520886813691570e-01 3.2936409671308162e+01
1.9046534815756038e+14 7.7534492123480525e-01 3.4388502255929090e+01
1.9058643229497775e+14 7.7548074706691650e-01 3.5842439080880183e+01
1.9070767048346056e+14 7.7561408760295403e-01 3.7298222629978710e+01
1.9082906301718653e+14 7.7574258201547597e-01 3.8755857302481566e+01
1.9095061019108281e+14 7.7586463316758481e-01 4.0215349238791390e+01
1.9107231230082856e+14 7.7597993519156228e-01 4.1676705369744901e+01
1.9119416964285712e+14 7.7608963653422303e-01 4.3139932269241015e+01
1.9131618251435866e+14 7.7619589337996542e-01 4.4605035347937438e+01
1.9143835121328225e+14 7.7630104786327081e-01 4.6072018363927000e+01
1.9156067603833866e+14 7.7640698525943941e-01 4.7540883575396599e+01
1.9168315728900256e+14 7.7651468619383779e-01 4.9011632598514474e+01
1.9180579526551506e+14 7.7662409000590127e-01 5.0484267229041613e+01
1.9192859026888603e+14 7.7673453062513731e-01 5.1958789985027259e+01
1.9205154260089688e+14 7.7684533492875285e-01 5.3435204401125070e+01
1.9217465256410256e+14 7.7695621583102914e-01 5.4913514701519475e+01
1.9229792046183450e+14 7.7706750496349986e-01 5.6393725103447068e+01
1.9242134659820284e+14 7.7717999290347495e-01 5.7875839333296099e+01
1.9254493127809894e+14 7.7729440539254968e-01 5.9359860347937079e+01
1.9266867480719794e+14 7.7741100720692191e-01 6.0845790476923924e+01
1.9279257749196144e+14 7.7752939482293981e-01 6.2333632144626236e+01
1.9291663963963962e+14 7.7764852920016014e-01 6.3823388519953774e+01
1.9304086155827431e+14 7.7776728753863922e-01 6.5315063774521946e+01
1.9316524355670103e+14 7.7788517980575578e-01 6.6808663078831842e+01
1.9328978594455191e+14 7.7800270145491390e-01 6.8304192020700228e+01
1.9341448903225806e+14 7.7812135695841278e-01 6.9801655522885767e+01
1.9353935313105231e+14 7.7824329079471155e-01 7.1301057048475485e+01
1.9366437855297156e+14 7.7837041512872307e-01 7.2802398391773693e+01
1.9378956561085972e+14 7.7850350854881456e-01 7.4305680018355403e+01
1.9391491461837000e+14 7.7864178616313695e-01 7.5810902088559374e+01
1.9404042588996762e+14 7.7878301410108441e-01 7.7318065860746529e+01
1.9416609974093266e+14 7.7892417222978350e-01 7.8827174700985253e+01
1.9429193648736228e+14 7.7906258732807065e-01 8.0338234271320673e+01
1.9441793644617381e+14 7.7919704536309831e-01 8.1851251902986547e+01
1.9454409993510709e+14 7.7932832415042419e-01 8.3366235245894188e+01
1.9467042727272725e+14 7.7945897804576691e-01 8.4883190604746204e+01
1.9479691877842756e+14 7.7959245292883717e-01 8.6402121757996468e+01
1.9492357477243175e+14 7.7973172081627495e-01 8.7923029755667173e+01
1.9505039557579700e+14 7.7987802578239840e-01 8.9445913654159156e+01
1.9517738151041666e+14 7.8003034513474634e-01 9.0970772113085289e+01
1.9530453289902281e+14 7.8018559861738190e-01 9.2497605300945764e+01
1.9543185006518903e+14 7.8033957575650892e-01 9.4026416080519638e+01
1.9555933333333334e+14 7.8048842815233843e-01 9.5557210172628785e+01
1.9568698302872062e+14 7.8062992805472531e-01 9.7089995431226257e+01
1.9581479947746572e+14 7.8076394851027420e-01 9.8624780201010765e+01
1.9594278300653594e+14 7.8089223994315005e-01 1.0016157151774985e+02
1.9607093394375406e+14 7.8101744302175857e-01 1.0170037410847394e+02
1.9619925261780103e+14 7.8114169119518617e-01 1.0324119029403221e+02
1.9632773935821875e+14 7.8126558234647370e-01 1.0478402085571327e+02
1.9645639449541284e+14 7.8138781258981305e-01 1.0632886662259385e+02
1.9658521836065575e+14 7.8150558993033092e-01 1.0787572993229962e+02
1.9671421128608925e+14 7.8161569288140631e-01 1.0942461548979678e+02
1.9684337360472750e+14 7.8171556136363884e-01 1.1097553024830498e+02
1.9697270565045991e+14 7.8180413882061406e-01 1.1252848229039554e+02
1.9710220775805394e+14 7.8188212414945857e-01 1.1408347956960269e+02
1.9723188026315788e+14 7.8195134457184856e-01 1.1564052884462021e+02
1.9736172350230416e+14 7.8201388361154300e-01 1.1719963506746097e+02
1.9749173781291172e+14 7.8207135073051282e-01 1.1876080182465232e+02
1.9762192353328938e+14 7.8212437097103682e-01 1.2032403226603432e+02
1.9775228100263853e+14 7.8217277841909616e-01 1.2188932990552213e+02
1.9788281056105609e+14 7.8221621389133900e-01 1.2345669924202743e+02
1.9801351254953766e+14 7.8225461409327468e-01 1.2502614554428061e+02
1.9814438730998019e+14 7.8228863424150930e-01 1.2659767406811342e+02
1.9827543518518519e+14 7.8231948495209136e-01 1.2817128950409980e+02
1.9840665651886169e+14 7.8234822516464009e-01 1.2974699555844819e+02
1.9853805165562916e+14 7.8237523866892267e-01 1.3132479519377091e+02
1.9866962094102053e+14 7.8239991942828480e-01 1.3290469167318420e+02
1.9880136472148541e+14 7.8242090221888672e-01 1.3448668944434672e+02
1.9893328334439284e+14 7.8243705168578737e-01 1.3607079470911114e+02
1.9906537715803453e+14 7.8244839406420141e-01 1.3765701525483479e+02
1.9919764651162791e+14 7.8245676505463735e-01 1.3924535905166923e+02
1.9933009175531912e+14 7.8246588199828981e-01 1.4083583266010390e+02
1.9946271324018628e+14 7.8248029404227282e-01 1.4242843998167771e+02
1.9959551131824234e+14 7.8250389832873068e-01 1.4402318174257383e+02
1.9972848634243834e+14 7.8253859602032028e-01 1.4562005656846011e+02
1.9986163866666666e+14 7.8258345222818126e-01 1.4721906299057392e+02
("port 2","mode 1",1,"port 1",1,"transmission")
(101, 3)
1.8737028625000000e+14 7.7228018456190417e-01 -2.7771833765618261e+00
1.8748746591619766e+14 7.7246106620360733e-01 -1.3701389625679701e+00
1.8760479224030038e+14 7.7263908265501557e-01 3.8663525626615916e-02
1.8772226549780841e+14 7.7281304235281612e-01 1.4492293015649960e+00
1.8783988596491231e+14 7.7298269853214541e-01 2.8615643672416415e+00
1.8795765391849531e+14 7.7314903253732514e-01 4.2756746244922859e+00
1.8807556963613553e+14 7.7331416228955441e-01 5.6915649743934171e+00
1.8819363339610800e+14 7.7348074081036378e-01 7.1092386379825081e+00
1.8831184547738694e+14 7.7365110625379763e-01 8.5286968575533333e+00
1.8843020615964803e+14 7.7382650431432587e-01 9.9499393086173828e+00
1.8854871572327044e+14 7.7400651055787406e-01 1.1372965148894608e+01
1.8866737444933922e+14 7.7418893260856791e-01 1.2797774211513211e+01
1.8878618261964738e+14 7.7437038279429626e-01 1.4224368108850747e+01
1.8890514051669816e+14 7.7454719873032396e-01 1.5652750959563736e+01
1.8902424842370744e+14 7.7471642166991672e-01 1.7082929228780770e+01
1.8914350662460569e+14 7.7487668557346667e-01 1.8514910787478115e+01
1.8926291540404041e+14 7.7502860918104388e-01 1.9948703646274936e+01
1.8938247504737841e+14 7.7517449158685459e-01 2.1384314622137907e+01
1.8950218584070797e+14 7.7531750872516081e-01 2.2821748379137215e+01
1.8962204807084125e+14 7.7546063931832421e-01 2.4261007231499779e+01
1.8974206202531647e+14 7.7560569144993274e-01 2.5702091682362994e+01
1.8986222799240025e+14 7.7575281924035577e-01 2.7145001587215070e+01
1.8998254626109000e+14 7.7590056601369317e-01 2.8589737559541504e+01
1.9010301712111606e+14 7.7604643715512689e-01 3.0036301940931757e+01
1.9022364086294416e+14 7.7618791033227197e-01 3.1484699137931639e+01
1.9034441777777778e+14 7.7632336082058118e-01 3.2934935318378628e+01
1.9046534815756038e+14 7.7645258477385326e-01 3.4387017386003414e+01
1.9058643229497775e+14 7.7657688807015646e-01 3.5840951744074523e+01
1.9070767048346056e+14 7.7669857538863851e-01 3.7296743404325063e+01
1.9082906301718653e+14 7.7682005368188900e-01 3.8754395511422189e+01
1.9095061019108281e+14 7.7694307424889064e-01 4.0213909555531885e+01
1.9107231230082856e+14 7.7706820474397142e-01 4.1675286335835658e+01
1.9119416964285712e+14 7.7719464884332923e-01 4.3138526972196530e+01
1.9131618251435866e+14 7.7732071423102256e-01 4.4603633634024028e+01
1.9143835121328225e+14 7.7744457832240910e-01 4.6070610041329481e+01
1.9156067603833866e+14 7.7756486255805790e-01 4.7539461311634234e+01
1.9168315728900256e+14 7.7768106015162697e-01 4.9010193146325669e+01
1.9180579526551506e+14 7.7779368186868159e-01 5.0482811067426589e+01
1.9192859026888603e+14 7.7790386446504467e-01 5.1957319915202845e+01
1.9205154260089688e+14 7.7801280204059808e-01 5.3433723551363443e+01
1.9217465256410256e+14 7.7812137368159306e-01 5.4912025087109988e+01
1.9229792046183450e+14 7.7822993980890764e-01 5.6392227502083266e+01
1.9242134659820284e+14 7.7833843409090919e-01 5.7874334123640054e+01
1.9254493127809894e+14 7.7844677994072897e-01 5.9358348849369818e+01
1.9266867480719794e+14 7.7855527900864385e-01 6.0844276040688939e+01
1.9279257749196144e+14 7.7866478536392514e-01 6.2332119986687616e+01
1.9291663963963962e+14 7.7877662543366899e-01 6.3821884319758048e+01
1.9304086155827431e+14 7.7889214762449421e-01 6.5313571711862082e+01
1.9316524355670103e+14 7.7901215165293192e-01 6.6807183893529441e+01
1.9328978594455191e+14 7.7913655550633798e-01 6.8302722199656998e+01
1.9341448903225806e+14 7.7926433878421908e-01 6.9800188486169645e+01
1.9353935313105231e+14 7.7939386317707604e-01 7.1299585824664803e+01
1.9366437855297156e+14 7.7952360911212004e-01 7.2800918729346165e+01
1.9378956561085972e+14 7.7965292504872563e-01 7.4304192865106216e+01
1.9391491461837000e+14 7.7978242701580514e-01 7.5809414130880342e+01
1.9404042588996762e+14 7.7991394420168147e-01 7.7316587493791161e+01
1.9416609974093266e+14 7.8004990197232826e-01 7.8825716149199593e+01
1.9429193648736228e+14 7.8019231402409672e-01 8.0336801284141259e+01
1.9441793644617381e+14 7.8034185474900652e-01 8.1849842613811731e+01
1.9454409993510709e+14 7.8049737691075916e-01 8.3364839642749232e+01
1.9467042727272725e+14 7.8065603877538625e-01 8.4881793143491777e+01
1.9479691877842756e+14 7.8081409482668696e-01 8.6400706198754861e+01
1.9492357477243175e+14 7.8096811871448912e-01 8.7921584468113565e+01
1.9505039557579700e+14 7.8111610599602399e-01 8.9444435564456597e+01
1.9517738151041666e+14 7.8125802704809233e-01 9.0969267622825313e+01
1.9530453289902281e+14 7.8139570831872507e-01 9.2496087660477812e+01
1.9543185006518903e+14 7.8153197947683883e-01 9.4024900493767234e+01
1.9555933333333334e+14 7.8166935896730505e-01 9.5555708445367998e+01
1.9568698302872062e+14 7.8180898408641331e-01 9.7088511978144098e+01
1.9581479947746572e+14 7.8195010653646468e-01 9.8623311229293620e+01
1.9594278300653594e+14 7.8209021805158352e-01 1.0016010759465176e+02
1.9607093394375406e+14 7.8222596995969151e-01 1.0169890466443150e+02
1.9619925261780103e+14 7.8235445421813954e-01 1.0323970843964985e+02
1.9632773935821875e+14 7.8247413886240635e-01 1.0478252659087806e+02
1.9645639449541284e+14 7.8258527695020952e-01 1.0632736697530370e+02
1.9658521836065575e+14 7.8268963358623389e-01 1.0787423627205759e+02
1.9671421128608925e+14 7.8278956380363351e-01 1.0942313917787435e+02
1.9684337360472750e+14 7.8288696404965719e-01 1.1097407843972510e+02
1.9697270565045991e+14 7.8298247745847416e-01 1.1252705575181183e+02
1.9710220775805394e+14 7.8307526784749593e-01 1.1408207294688761e+02
1.9723188026315788e+14 7.8316350324170503e-01 1.1563913306304624e+02
1.9736172350230416e+14 7.8324513083402092e-01 1.1719824086238026e+02
1.9749173781291172e+14 7.8331866902676839e-01 1.1875940244240729e+02
1.9762192353328938e+14 7.8338373076109225e-01 1.2032262446197541e+02
1.9775228100263853e+14 7.8344084982440898e-01 1.2188791331042900e+02
1.9788281056105609e+14 7.8349097920279698e-01 1.2345527443538893e+02
1.9801351254953766e+14 7.8353498756655016e-01 1.2502471249654515e+02
1.9814438730998019e+14 7.8357319926977465e-01 1.2659623199540209e+02
1.9827543518518519e+14 7.8360553746231976e-01 1.2816983780632052e+02
1.9840665651886169e+14 7.8363212765764068e-01 1.2974553567327075e+02
1.9853805165562916e+14 7.8365376124055453e-01 1.3132333197037929e+02
1.9866962094102053e+14 7.8367229518387216e-01 1.3290323270759211e+02
1.9880136472148541e+14 7.8369048336174663e-01 1.3448524271085208e+02
1.9893328334439284e+14 7.8371104757659538e-01 1.3606936496628336e+02
1.9906537715803453e+14 7.8373578419228396e-01 1.3765560068794008e+02
1.9919764651162791e+14 7.8376484051008966e-01 1.3924395060451823e+02
1.9933009175531912e+14 7.8379652024067548e-01 1.4083441645245034e+02
1.9946271324018628e+14 7.8382820642393713e-01 1.4242700223261539e+02
1.9959551131824234e+14 7.8385775747262598e-01 1.4402171482051864e+02
1.9972848634243834e+14 7.8388485179914902e-01 1.4561856305799509e+02
1.9986163866666666e+14 7.8391185777266259e-01 1.4721755587735717e+02
("port 2","mode 1",1,"port 2",1,"transmission")
(101, 3)
1.8737028625000000e+14 5.2808153458996731e-05 1.7981322030550317e+00
1.8748746591619766e+14 5.5053337219057646e-05 4.5885497287984887e+00
1.8760479224030038e+14 5.3638047347929739e-05 7.3432671267905345e+00
1.8772226549780841e+14 5.4220164564302790e-05 1.0165854837433814e+01
1.8783988596491231e+14 5.4458963458613975e-05 1.2925327866377595e+01
1.8795765391849531e+14 5.4000468654621971e-05 1.5751909005542981e+01
1.8807556963613553e+14 5.5561422675824515e-05 1.8517551040658173e+01
1.8819363339610800e+14 5.3143392918854404e-05 2.1336280199326062e+01
1.8831184547738694e+14 5.6220008355072019e-05 2.4149099258467842e+01
1.8843020615964803e+14 5.3757343832118390e-05 2.6917357422791049e+01
1.8854871572327044e+14 5.4833464861619679e-05 2.9794835303752727e+01
1.8866737444933922e+14 5.6404373886073452e-05 3.2547177669844615e+01
1.8878618261964738e+14 5.3381738835855516e-05 3.5393472406357063e+01
1.8890514051669816e+14 5.6082155141922905e-05 3.8225753589159169e+01
1.8902424842370744e+14 5.4898388952428610e-05 4.1032256904680118e+01
1.8914350662460569e+14 5.5783037755515556e-05 4.3874695776931887e+01
1.8926291540404041e+14 5.4840292093636879e-05 4.6696126027686411e+01
1.8938247504737841e+14 5.6281789435219261e-05 4.9559573362992751e+01
1.8950218584070797e+14 5.6236978201327280e-05 5.2349836828554572e+01
1.8962204807084125e+14 5.4144788536935470e-05 5.5234572922880488e+01
1.8974206202531647e+14 5.7121910068058738e-05 5.8086409491974877e+01
1.8986222799240025e+14 5.6397806406939985e-05 6.0903433622495342e+01
1.8998254626109000e+14 5.5378137463332760e-05 6.3768581942675908e+01
1.9010301712111606e+14 5.5886850966915409e-05 6.6652712525583837e+01
1.9022364086294416e+14 5.7934001491556286e-05 6.9489201811566090e+01
1.9034441777777778e+14 5.5061648817340274e-05 7.2334453959832800e+01
1.9046534815756038e+14 5.6199022122529965e-05 7.5263397272545106e+01
1.9058643229497775e+14 5.8183439396891710e-05 7.8090520453283077e+01
1.9070767048346056e+14 5.5931280684769850e-05 8.0965271950300092e+01
1.9082906301718653e+14 5.6731008857584103e-05 8.3865996876056656e+01
1.9095061019108281e+14 5.7437223443852213e-05 8.6740936224398482e+01
1.9107231230082856e+14 5.6980490732499511e-05 8.9613974054066233e+01
1.9119416964285712e+14 5.6546479222910199e-05 9.2527805729951282e+01
1.9131618251435866e+14 5.8231195892966831e-05 9.5410157597381641e+01
1.9143835121328225e+14 5.6765616059246242e-05 9.8298904797275014e+01
1.9156067603833866e+14 5.7718247939520293e-05 1.0121516824923967e+02
1.9168315728900256e+14 5.7082829796132706e-05 1.0410634521174602e+02
1.9180579526551506e+14 5.7749452634660119e-05 1.0703347267193053e+02
1.9192859026888603e+14 5.7461876857568581e-05 1.0992586962527507e+02
1.9205154260089688e+14 5.7830832047652443e-05 1.1286684683122851e+02
1.9217465256410256e+14 5.8078523341949985e-05 1.1575184869524183e+02
1.9229792046183450e+14 5.6741603643271197e-05 1.1871360705814506e+02
1.9242134659820284e+14 5.9236294545874514e-05 1.2161745378443793e+02
1.9254493127809894e+14 5.6383142957794364e-05 1.2455328895699671e+02
1.9266867480719794e+14 5.9316742050552087e-05 1.2750665920117238e+02
1.9279257749196144e+14 5.7424835144493970e-05 1.3040974544676291e+02
1.9291663963963962e+14 5.8529198936199851e-05 1.3339003935480915e+02
1.9304086155827431e+14 5.7773581301440134e-05 1.3629633878152509e+02
1.9316524355670103e+14 5.7903155464982187e-05 1.3929879837662671e+02
1.9328978594455191e+14 5.9218175797629351e-05 1.4220218999066446e+02
1.9341448903225806e+14 5.6982603000510721e-05 1.4519937770730564e+02
1.9353935313105231e+14 6.0024524550115217e-05 1.4813722965630527e+02
1.9366437855297156e+14 5.6690958895160588e-05 1.5110164091672877e+02
1.9378956561085972e+14 5.9145544744220995e-05 1.5409308405348591e+02
1.9391491461837000e+14 5.7409628608194928e-05 1.5705035587763771e+02
1.9404042588996762e+14 5.9822245090642840e-05 1.6005042735716003e+02
1.9416609974093266e+14 5.7788490242658321e-05 1.6298254932734264e+02
1.9429193648736228e+14 5.8087256152004909e-05 1.6603514724704374e+02
1.9441793644617381e+14 5.9840418938654021e-05 1.6897178659232020e+02
1.9454409993510709e+14 5.7395568875061094e-05 1.7198854051126355e+02
1.9467042727272725e+14 5.9175166992763051e-05 1.7498891101194431e+02
1.9479691877842756e+14 5.9114249650144013e-05 1.7798998454230886e+02
1.9492357477243175e+14 5.9352704863953592e-05 1.8096735556569647e+02
1.9505039557579700e+14 5.7279817924655195e-05 1.8401037617112419e+02
1.9517738151041666e+14 6.0659961280600913e-05 1.8701883697190976e+02
1.9530453289902281e+14 5.7917633776992368e-05 1.9000969402859477e+02
1.9543185006518903e+14 5.9464695091189703e-05 1.9307585442338129e+02
1.9555933333333334e+14 6.0022261370313253e-05 1.9605854079585777e+02
1.9568698302872062e+14 5.8568033796379573e-05 1.9910093463948925e+02
1.9581479947746572e+14 5.9165013979732513e-05 2.0214654326874589e+02
1.9594278300653594e+14 6.0240423061142473e-05 2.0517872523539194e+02
1.9607093394375406e+14 5.9446235236931923e-05 2.0820518645912861e+02
1.9619925261780103e+14 5.9788517546238441e-05 2.1126928136457840e+02
1.9632773935821875e+14 6.0226521895766738e-05 2.1430106311043369e+02
1.9645639449541284e+14 5.9618943849970353e-05 2.1736135916793586e+02
1.9658521836065575e+14 6.0187674172312443e-05 2.2042479283001785e+02
1.9671421128608925e+14 6.0985123526211042e-05 2.2347527849738907e+02
1.9684337360472750e+14 5.9699157520589893e-05 2.2653633222715715e+02
1.9697270565045991e+14 6.1412608931331425e-05 2.2962429483271171e+02
1.9710220775805394e+14 6.0441142368182875e-05 2.3265754328302671e+02
1.9723188026315788e+14 6.0351053730500692e-05 2.3578502936244831e+02
1.9736172350230416e+14 6.2243256650529937e-05 2.3882254328857692e+02
1.9749173781291172e+14 6.0116764320384624e-05 2.4192914473946388e+02
1.9762192353328938e+14 6.2253722134658957e-05 2.4500537873287459e+02
1.9775228100263853e+14 6.0588551439655945e-05 2.4810539267738770e+02
1.9788281056105609e+14 6.2478938227351015e-05 2.5119364910513366e+02
1.9801351254953766e+14 6.0546490868189072e-05 2.5430150710498029e+02
1.9814438730998019e+14 6.3253375101357417e-05 2.5740639230276969e+02
1.9827543518518519e+14 6.1096372761351150e-05 2.6049833443770075e+02
1.9840665651886169e+14 6.2756233163922896e-05 2.6362719676592604e+02
1.9853805165562916e+14 6.1371418122150163e-05 2.6673506647047230e+02
1.9866962094102053e+14 6.3853706063984420e-05 2.6986142662306401e+02
1.9880136472148541e+14 6.0755768039029853e-05 2.7296012865013847e+02
1.9893328334439284e+14 6.3693692543998062e-05 2.6985801823659398e+02
1.9906537715803453e+14 6.2642175223670766e-05 2.7291968108315876e+02
1.9919764651162791e+14 6.1802631993701068e-05 2.6983787525103838e+02
1.9933009175531912e+14 6.3635527788039425e-05 2.7293966231849134e+02
1.9946271324018628e+14 6.2649408374941518e-05 2.6981918971965985e+02
1.9959551131824234e+14 6.2602199574463964e-05 2.7294471421327199e+02
1.9972848634243834e+14 6.2585115901947841e-05 2.6985845601940485e+02
1.9986163866666666e+14 6.4162617758422270e-05 2.7296581143112564e+02
